2025/08/15 09:41:01.009, 35.74 W, 55, 0 %, 0 %
2025/08/15 09:41:02.013, 35.70 W, 55, 0 %, 0 %
2025/08/15 09:41:03.016, 35.74 W, 55, 9 %, 0 %
2025/08/15 09:41:04.020, 35.72 W, 55, 0 %, 0 %
2025/08/15 09:41:05.024, 35.74 W, 55, 0 %, 0 %
2025/08/15 09:41:06.030, 35.73 W, 55, 0 %, 0 %
2025/08/15 09:41:07.033, 35.74 W, 55, 0 %, 0 %
2025/08/15 09:41:08.038, 77.67 W, 56, 54 %, 11 %
2025/08/15 09:41:09.042, 76.76 W, 56, 55 %, 11 %
2025/08/15 09:41:10.047, 78.20 W, 56, 54 %, 11 %
2025/08/15 09:41:11.051, 78.87 W, 56, 57 %, 11 %
2025/08/15 09:41:12.056, 85.86 W, 57, 54 %, 11 %
2025/08/15 09:41:13.061, 74.54 W, 57, 56 %, 11 %
2025/08/15 09:41:14.066, 81.68 W, 57, 54 %, 11 %
2025/08/15 09:41:15.070, 82.20 W, 57, 56 %, 11 %
2025/08/15 09:41:16.074, 84.14 W, 57, 56 %, 11 %
2025/08/15 09:41:17.079, 82.14 W, 57, 55 %, 11 %
2025/08/15 09:41:18.083, 80.30 W, 57, 54 %, 11 %
2025/08/15 09:41:19.087, 83.91 W, 57, 54 %, 11 %
2025/08/15 09:41:20.092, 83.40 W, 57, 56 %, 11 %
2025/08/15 09:41:21.096, 80.23 W, 57, 55 %, 11 %
2025/08/15 09:41:22.100, 41.93 W, 56, 2 %, 0 %
2025/08/15 09:41:23.104, 68.36 W, 56, 39 %, 9 %
2025/08/15 09:41:24.109, 84.10 W, 56, 55 %, 11 %
2025/08/15 09:41:25.116, 76.73 W, 57, 55 %, 11 %
2025/08/15 09:41:26.119, 69.06 W, 57, 55 %, 11 %
2025/08/15 09:41:27.124, 80.68 W, 57, 54 %, 11 %
2025/08/15 09:41:28.128, 83.95 W, 57, 55 %, 11 %
2025/08/15 09:41:29.133, 78.70 W, 57, 57 %, 11 %
2025/08/15 09:41:30.137, 72.31 W, 57, 54 %, 11 %
2025/08/15 09:41:31.140, 78.25 W, 57, 56 %, 11 %
2025/08/15 09:41:32.145, 86.62 W, 57, 55 %, 11 %
2025/08/15 09:41:33.149, 88.15 W, 57, 54 %, 11 %
2025/08/15 09:41:34.153, 83.66 W, 57, 55 %, 11 %
2025/08/15 09:41:35.158, 84.31 W, 57, 56 %, 11 %
2025/08/15 09:41:36.161, 77.14 W, 57, 51 %, 10 %
2025/08/15 09:41:37.164, 70.12 W, 57, 51 %, 10 %
2025/08/15 09:41:38.169, 81.42 W, 57, 55 %, 11 %
2025/08/15 09:41:39.172, 50.83 W, 57, 39 %, 9 %
2025/08/15 09:41:40.176, 75.73 W, 57, 55 %, 11 %
2025/08/15 09:41:41.182, 77.93 W, 57, 56 %, 11 %
2025/08/15 09:41:42.185, 78.74 W, 57, 54 %, 11 %
2025/08/15 09:41:43.190, 76.97 W, 57, 54 %, 11 %
2025/08/15 09:41:44.194, 81.43 W, 57, 56 %, 11 %
2025/08/15 09:41:45.201, 76.77 W, 57, 55 %, 11 %
2025/08/15 09:41:46.206, 85.88 W, 57, 54 %, 11 %
2025/08/15 09:41:47.210, 75.23 W, 57, 54 %, 11 %
2025/08/15 09:41:48.214, 86.86 W, 57, 54 %, 11 %
2025/08/15 09:41:49.221, 81.68 W, 57, 55 %, 11 %
2025/08/15 09:41:50.224, 76.43 W, 57, 54 %, 11 %
2025/08/15 09:41:51.229, 75.78 W, 57, 54 %, 11 %
2025/08/15 09:41:52.233, 84.93 W, 57, 55 %, 11 %
2025/08/15 09:41:53.239, 84.11 W, 57, 55 %, 11 %
2025/08/15 09:41:54.244, 70.86 W, 57, 40 %, 9 %
2025/08/15 09:41:55.248, 80.16 W, 57, 54 %, 11 %
2025/08/15 09:41:56.252, 79.97 W, 57, 57 %, 11 %
2025/08/15 09:41:57.258, 79.19 W, 58, 55 %, 11 %
2025/08/15 09:41:58.261, 85.68 W, 58, 56 %, 11 %
2025/08/15 09:41:59.266, 85.92 W, 58, 55 %, 11 %
2025/08/15 09:42:00.270, 81.73 W, 58, 54 %, 11 %
2025/08/15 09:42:01.273, 75.52 W, 58, 55 %, 11 %
2025/08/15 09:42:02.277, 67.15 W, 58, 52 %, 10 %
2025/08/15 09:42:03.281, 78.50 W, 57, 52 %, 10 %
2025/08/15 09:42:04.287, 80.57 W, 58, 53 %, 10 %
2025/08/15 09:42:05.291, 85.42 W, 58, 51 %, 10 %
2025/08/15 09:42:06.296, 75.16 W, 58, 51 %, 10 %
2025/08/15 09:42:07.300, 85.59 W, 58, 52 %, 10 %
2025/08/15 09:42:08.305, 70.54 W, 57, 40 %, 8 %
2025/08/15 09:42:09.310, 70.82 W, 57, 43 %, 9 %
2025/08/15 09:42:10.314, 64.14 W, 57, 37 %, 9 %
2025/08/15 09:42:11.318, 76.27 W, 57, 46 %, 9 %
2025/08/15 09:42:12.325, 78.22 W, 57, 57 %, 11 %
2025/08/15 09:42:13.328, 81.84 W, 58, 55 %, 11 %
2025/08/15 09:42:14.332, 81.47 W, 58, 57 %, 11 %
2025/08/15 09:42:15.336, 85.13 W, 58, 54 %, 11 %
2025/08/15 09:42:16.339, 80.98 W, 58, 56 %, 11 %
2025/08/15 09:42:17.343, 83.25 W, 58, 56 %, 11 %
2025/08/15 09:42:18.348, 78.46 W, 58, 54 %, 11 %
2025/08/15 09:42:19.352, 77.50 W, 58, 56 %, 11 %
2025/08/15 09:42:20.357, 80.14 W, 58, 54 %, 11 %
2025/08/15 09:42:21.361, 84.65 W, 58, 55 %, 11 %
2025/08/15 09:42:22.366, 88.10 W, 58, 55 %, 11 %
2025/08/15 09:42:23.369, 70.05 W, 58, 55 %, 11 %
2025/08/15 09:42:24.374, 79.44 W, 58, 56 %, 11 %
2025/08/15 09:42:25.378, 73.30 W, 58, 38 %, 7 %
2025/08/15 09:42:26.382, 73.97 W, 58, 22 %, 5 %
2025/08/15 09:42:27.387, 81.43 W, 58, 57 %, 11 %
2025/08/15 09:42:28.392, 81.38 W, 58, 56 %, 11 %
2025/08/15 09:42:29.397, 79.74 W, 58, 54 %, 11 %
2025/08/15 09:42:30.401, 85.09 W, 58, 56 %, 11 %
2025/08/15 09:42:31.405, 79.43 W, 58, 56 %, 11 %
2025/08/15 09:42:32.412, 80.69 W, 58, 55 %, 11 %
2025/08/15 09:42:33.415, 80.71 W, 58, 57 %, 11 %
2025/08/15 09:42:34.419, 85.37 W, 58, 57 %, 11 %
2025/08/15 09:42:35.423, 85.15 W, 58, 56 %, 11 %
2025/08/15 09:42:36.430, 79.98 W, 58, 56 %, 11 %
2025/08/15 09:42:37.435, 78.86 W, 58, 55 %, 11 %
2025/08/15 09:42:38.439, 80.72 W, 58, 57 %, 11 %
2025/08/15 09:42:39.444, 76.69 W, 58, 57 %, 11 %
2025/08/15 09:42:40.448, 43.17 W, 58, 50 %, 10 %
2025/08/15 09:42:41.451, 42.92 W, 58, 39 %, 9 %
2025/08/15 09:42:42.455, 87.81 W, 58, 56 %, 11 %
2025/08/15 09:42:43.460, 80.44 W, 58, 55 %, 11 %
2025/08/15 09:42:44.464, 87.32 W, 58, 56 %, 11 %
2025/08/15 09:42:45.468, 70.32 W, 58, 54 %, 11 %
2025/08/15 09:42:46.472, 86.41 W, 58, 56 %, 11 %
2025/08/15 09:42:47.478, 69.10 W, 58, 55 %, 11 %
2025/08/15 09:42:48.483, 87.67 W, 58, 56 %, 11 %
2025/08/15 09:42:49.486, 83.64 W, 58, 56 %, 11 %
2025/08/15 09:42:50.489, 76.72 W, 58, 55 %, 11 %
2025/08/15 09:42:51.494, 77.23 W, 58, 56 %, 11 %
2025/08/15 09:42:52.497, 85.28 W, 58, 55 %, 11 %
2025/08/15 09:42:53.502, 76.77 W, 58, 55 %, 11 %
2025/08/15 09:42:54.506, 78.49 W, 58, 56 %, 11 %
2025/08/15 09:42:55.511, 73.05 W, 58, 55 %, 11 %
2025/08/15 09:42:56.516, 72.52 W, 58, 40 %, 9 %
2025/08/15 09:42:57.521, 83.86 W, 58, 55 %, 11 %
2025/08/15 09:42:58.525, 75.52 W, 58, 56 %, 11 %
2025/08/15 09:42:59.528, 81.13 W, 58, 55 %, 11 %
2025/08/15 09:43:00.534, 86.62 W, 58, 54 %, 11 %
2025/08/15 09:43:01.538, 78.65 W, 58, 55 %, 11 %
2025/08/15 09:43:02.543, 84.38 W, 58, 55 %, 11 %
2025/08/15 09:43:03.547, 80.27 W, 58, 56 %, 11 %
2025/08/15 09:43:04.553, 77.76 W, 58, 56 %, 11 %
2025/08/15 09:43:05.558, 87.36 W, 58, 57 %, 11 %
2025/08/15 09:43:06.562, 77.65 W, 58, 56 %, 11 %
2025/08/15 09:43:07.567, 83.13 W, 58, 54 %, 11 %
2025/08/15 09:43:08.571, 75.08 W, 58, 56 %, 11 %
2025/08/15 09:43:09.576, 87.08 W, 58, 55 %, 11 %
2025/08/15 09:43:10.583, 81.39 W, 58, 56 %, 11 %
2025/08/15 09:43:11.588, 69.09 W, 58, 40 %, 9 %
2025/08/15 09:43:12.593, 78.04 W, 58, 53 %, 10 %
2025/08/15 09:43:13.597, 84.14 W, 58, 53 %, 11 %
2025/08/15 09:43:14.602, 82.69 W, 58, 54 %, 11 %
2025/08/15 09:43:15.607, 81.96 W, 58, 52 %, 10 %
2025/08/15 09:43:16.612, 75.03 W, 58, 51 %, 10 %
2025/08/15 09:43:17.616, 84.83 W, 58, 51 %, 10 %
2025/08/15 09:43:18.621, 78.12 W, 58, 53 %, 10 %
2025/08/15 09:43:19.625, 79.73 W, 58, 52 %, 10 %
2025/08/15 09:43:20.629, 84.90 W, 58, 52 %, 10 %
2025/08/15 09:43:21.634, 83.07 W, 58, 50 %, 10 %
2025/08/15 09:43:22.640, 84.35 W, 58, 56 %, 11 %
2025/08/15 09:43:23.644, 84.21 W, 58, 58 %, 11 %
2025/08/15 09:43:24.648, 84.65 W, 58, 54 %, 11 %
2025/08/15 09:43:25.652, 82.66 W, 58, 55 %, 11 %
2025/08/15 09:43:26.658, 76.98 W, 58, 56 %, 11 %
2025/08/15 09:43:27.662, 69.34 W, 58, 40 %, 9 %
2025/08/15 09:43:28.666, 88.01 W, 58, 57 %, 11 %
2025/08/15 09:43:29.670, 75.02 W, 58, 56 %, 11 %
2025/08/15 09:43:30.675, 89.05 W, 58, 57 %, 11 %
2025/08/15 09:43:31.678, 88.56 W, 58, 56 %, 11 %
2025/08/15 09:43:32.682, 77.26 W, 58, 55 %, 11 %
2025/08/15 09:43:33.687, 86.67 W, 58, 57 %, 11 %
2025/08/15 09:43:34.691, 76.52 W, 58, 55 %, 11 %
2025/08/15 09:43:35.696, 81.19 W, 58, 56 %, 11 %
2025/08/15 09:43:36.700, 74.99 W, 58, 55 %, 11 %
2025/08/15 09:43:37.708, 84.14 W, 58, 55 %, 11 %
2025/08/15 09:43:38.711, 76.02 W, 59, 55 %, 11 %
2025/08/15 09:43:39.715, 81.64 W, 58, 55 %, 11 %
2025/08/15 09:43:40.720, 77.70 W, 58, 56 %, 11 %
2025/08/15 09:43:41.726, 88.85 W, 58, 52 %, 10 %
2025/08/15 09:43:42.731, 73.54 W, 58, 41 %, 10 %
2025/08/15 09:43:43.736, 80.89 W, 58, 55 %, 11 %
2025/08/15 09:43:44.739, 87.11 W, 58, 51 %, 10 %
2025/08/15 09:43:45.745, 80.18 W, 58, 54 %, 11 %
2025/08/15 09:43:46.750, 86.56 W, 58, 55 %, 11 %
2025/08/15 09:43:47.754, 76.72 W, 59, 57 %, 11 %
2025/08/15 09:43:48.758, 78.74 W, 58, 55 %, 11 %
2025/08/15 09:43:49.763, 84.92 W, 59, 57 %, 11 %
2025/08/15 09:43:50.768, 88.31 W, 59, 56 %, 11 %
2025/08/15 09:43:51.771, 84.06 W, 59, 53 %, 10 %
2025/08/15 09:43:52.774, 88.31 W, 58, 54 %, 11 %
2025/08/15 09:43:53.779, 75.69 W, 59, 56 %, 11 %
2025/08/15 09:43:54.783, 83.40 W, 58, 56 %, 11 %
2025/08/15 09:43:55.788, 75.52 W, 58, 56 %, 11 %
2025/08/15 09:43:56.793, 81.39 W, 59, 57 %, 11 %
2025/08/15 09:43:57.797, 72.26 W, 58, 38 %, 9 %
2025/08/15 09:43:58.801, 80.27 W, 58, 56 %, 11 %
2025/08/15 09:43:59.806, 88.35 W, 58, 57 %, 11 %
2025/08/15 09:44:00.812, 74.75 W, 59, 56 %, 11 %
2025/08/15 09:44:01.816, 73.75 W, 58, 55 %, 11 %
2025/08/15 09:44:02.821, 76.80 W, 58, 56 %, 11 %
2025/08/15 09:44:03.826, 87.85 W, 59, 56 %, 11 %
2025/08/15 09:44:04.830, 79.98 W, 59, 55 %, 11 %
2025/08/15 09:44:05.834, 73.30 W, 59, 56 %, 11 %
2025/08/15 09:44:06.838, 80.59 W, 59, 56 %, 11 %
2025/08/15 09:44:07.842, 72.52 W, 59, 55 %, 11 %
2025/08/15 09:44:08.849, 84.64 W, 59, 55 %, 11 %
2025/08/15 09:44:09.853, 84.34 W, 59, 55 %, 11 %
2025/08/15 09:44:10.858, 80.89 W, 59, 58 %, 11 %
2025/08/15 09:44:11.863, 78.21 W, 59, 54 %, 11 %
2025/08/15 09:44:12.870, 74.01 W, 58, 41 %, 10 %
2025/08/15 09:44:13.873, 80.43 W, 59, 58 %, 11 %
2025/08/15 09:44:14.878, 89.93 W, 59, 58 %, 11 %
2025/08/15 09:44:15.882, 87.34 W, 59, 57 %, 11 %
2025/08/15 09:44:16.886, 81.72 W, 59, 55 %, 11 %
2025/08/15 09:44:17.891, 80.89 W, 59, 58 %, 11 %
2025/08/15 09:44:18.898, 79.44 W, 59, 58 %, 11 %
2025/08/15 09:44:19.903, 81.13 W, 59, 57 %, 11 %
2025/08/15 09:44:20.907, 84.10 W, 59, 55 %, 11 %
2025/08/15 09:44:21.911, 86.58 W, 59, 56 %, 11 %
2025/08/15 09:44:22.918, 81.67 W, 59, 51 %, 10 %
2025/08/15 09:44:23.922, 72.80 W, 59, 52 %, 10 %
2025/08/15 09:44:24.927, 82.66 W, 59, 51 %, 10 %
2025/08/15 09:44:25.930, 88.02 W, 59, 54 %, 11 %
2025/08/15 09:44:26.937, 85.37 W, 59, 53 %, 11 %
2025/08/15 09:44:27.940, 72.81 W, 59, 25 %, 5 %
2025/08/15 09:44:28.944, 80.68 W, 58, 42 %, 8 %
2025/08/15 09:44:29.949, 77.70 W, 59, 55 %, 11 %
2025/08/15 09:44:30.954, 84.09 W, 59, 50 %, 10 %
2025/08/15 09:44:31.958, 82.12 W, 59, 54 %, 11 %
2025/08/15 09:44:32.962, 80.91 W, 59, 58 %, 11 %
2025/08/15 09:44:33.966, 85.29 W, 59, 59 %, 12 %
2025/08/15 09:44:34.970, 86.05 W, 59, 59 %, 11 %
2025/08/15 09:44:35.976, 79.44 W, 59, 57 %, 11 %
2025/08/15 09:44:36.981, 79.15 W, 59, 59 %, 11 %
2025/08/15 09:44:37.985, 77.47 W, 59, 58 %, 11 %
2025/08/15 09:44:38.990, 82.85 W, 59, 59 %, 12 %
2025/08/15 09:44:39.994, 85.04 W, 59, 59 %, 11 %
2025/08/15 09:44:40.998, 82.91 W, 59, 58 %, 11 %
2025/08/15 09:44:42.003, 89.25 W, 59, 52 %, 10 %
2025/08/15 09:44:43.007, 69.59 W, 59, 41 %, 10 %
2025/08/15 09:44:44.011, 82.65 W, 59, 58 %, 11 %
2025/08/15 09:44:45.016, 76.52 W, 59, 59 %, 11 %
2025/08/15 09:44:46.023, 75.99 W, 59, 58 %, 11 %
2025/08/15 09:44:47.026, 83.35 W, 59, 58 %, 11 %
2025/08/15 09:44:48.030, 85.38 W, 59, 52 %, 10 %
2025/08/15 09:44:49.035, 76.97 W, 59, 57 %, 11 %
2025/08/15 09:44:50.041, 80.97 W, 59, 57 %, 11 %
2025/08/15 09:44:51.045, 82.12 W, 59, 58 %, 11 %
2025/08/15 09:44:52.049, 73.30 W, 59, 58 %, 11 %
2025/08/15 09:44:53.053, 78.40 W, 59, 58 %, 11 %
2025/08/15 09:44:54.059, 87.57 W, 59, 58 %, 11 %
2025/08/15 09:44:55.063, 81.38 W, 59, 57 %, 11 %
2025/08/15 09:44:56.067, 85.57 W, 59, 58 %, 11 %
2025/08/15 09:44:57.070, 81.14 W, 59, 58 %, 11 %
2025/08/15 09:44:58.074, 69.80 W, 59, 42 %, 10 %
2025/08/15 09:44:59.078, 78.41 W, 59, 57 %, 11 %
2025/08/15 09:45:00.082, 88.50 W, 59, 58 %, 11 %
2025/08/15 09:45:01.088, 86.11 W, 59, 58 %, 11 %
2025/08/15 09:45:02.093, 83.86 W, 59, 57 %, 11 %
2025/08/15 09:45:03.097, 88.99 W, 59, 59 %, 12 %
2025/08/15 09:45:04.101, 87.86 W, 59, 57 %, 11 %
2025/08/15 09:45:05.107, 83.16 W, 59, 58 %, 11 %
2025/08/15 09:45:06.111, 86.67 W, 59, 58 %, 11 %
2025/08/15 09:45:07.116, 89.09 W, 59, 58 %, 11 %
2025/08/15 09:45:08.120, 77.96 W, 59, 58 %, 11 %
2025/08/15 09:45:09.126, 82.87 W, 59, 58 %, 11 %
2025/08/15 09:45:10.131, 80.68 W, 59, 58 %, 11 %
2025/08/15 09:45:11.135, 79.20 W, 59, 58 %, 12 %
2025/08/15 09:45:12.140, 70.61 W, 59, 41 %, 10 %
2025/08/15 09:45:13.145, 87.61 W, 59, 59 %, 12 %
2025/08/15 09:45:14.149, 88.05 W, 59, 58 %, 12 %
2025/08/15 09:45:15.154, 86.77 W, 59, 58 %, 11 %
2025/08/15 09:45:16.158, 78.94 W, 59, 57 %, 11 %
2025/08/15 09:45:17.163, 80.89 W, 59, 59 %, 12 %
2025/08/15 09:45:18.166, 74.53 W, 59, 58 %, 11 %
2025/08/15 09:45:19.171, 86.35 W, 59, 59 %, 12 %
2025/08/15 09:45:20.175, 80.38 W, 59, 57 %, 11 %
2025/08/15 09:45:21.179, 86.36 W, 59, 59 %, 12 %
2025/08/15 09:45:22.184, 79.40 W, 59, 59 %, 12 %
2025/08/15 09:45:23.187, 78.95 W, 59, 59 %, 12 %
2025/08/15 09:45:24.194, 89.38 W, 59, 59 %, 12 %
2025/08/15 09:45:25.198, 77.47 W, 59, 58 %, 11 %
2025/08/15 09:45:26.202, 78.70 W, 59, 58 %, 12 %
2025/08/15 09:45:27.207, 70.33 W, 59, 43 %, 10 %
2025/08/15 09:45:28.213, 86.12 W, 59, 58 %, 12 %
2025/08/15 09:45:29.217, 84.07 W, 59, 58 %, 12 %
2025/08/15 09:45:30.221, 84.66 W, 59, 58 %, 11 %
2025/08/15 09:45:31.226, 80.43 W, 59, 57 %, 11 %
2025/08/15 09:45:32.232, 84.09 W, 59, 55 %, 11 %
2025/08/15 09:45:33.236, 83.36 W, 59, 56 %, 11 %
2025/08/15 09:45:34.241, 80.85 W, 59, 57 %, 11 %
2025/08/15 09:45:35.245, 80.39 W, 59, 54 %, 11 %
2025/08/15 09:45:36.249, 82.62 W, 59, 53 %, 11 %
2025/08/15 09:45:37.252, 79.44 W, 59, 56 %, 11 %
2025/08/15 09:45:38.257, 85.38 W, 59, 55 %, 11 %
2025/08/15 09:45:39.262, 73.69 W, 59, 57 %, 11 %
2025/08/15 09:45:40.267, 89.36 W, 59, 59 %, 12 %
2025/08/15 09:45:41.271, 69.78 W, 59, 58 %, 11 %
2025/08/15 09:45:42.275, 81.92 W, 59, 24 %, 6 %
2025/08/15 09:45:43.279, 89.05 W, 59, 58 %, 11 %
2025/08/15 09:45:44.284, 89.25 W, 59, 58 %, 12 %
2025/08/15 09:45:45.288, 80.20 W, 59, 57 %, 11 %
2025/08/15 09:45:46.292, 81.38 W, 59, 57 %, 11 %
2025/08/15 09:45:47.297, 85.63 W, 59, 58 %, 11 %
2025/08/15 09:45:48.301, 82.85 W, 59, 58 %, 11 %
2025/08/15 09:45:49.305, 78.45 W, 59, 58 %, 11 %
2025/08/15 09:45:50.308, 79.44 W, 59, 57 %, 11 %
2025/08/15 09:45:51.313, 75.51 W, 59, 56 %, 11 %
2025/08/15 09:45:52.317, 88.06 W, 59, 56 %, 11 %
2025/08/15 09:45:53.321, 82.40 W, 59, 58 %, 11 %
2025/08/15 09:45:54.326, 86.71 W, 59, 59 %, 12 %
2025/08/15 09:45:55.329, 77.46 W, 59, 57 %, 11 %
2025/08/15 09:45:56.335, 72.36 W, 59, 43 %, 10 %
2025/08/15 09:45:57.338, 83.90 W, 59, 60 %, 12 %
2025/08/15 09:45:58.342, 88.60 W, 59, 58 %, 11 %
2025/08/15 09:45:59.347, 78.66 W, 59, 59 %, 12 %
2025/08/15 09:46:00.353, 85.13 W, 59, 58 %, 11 %
2025/08/15 09:46:01.358, 85.13 W, 59, 59 %, 12 %
2025/08/15 09:46:02.362, 86.77 W, 59, 58 %, 11 %
2025/08/15 09:46:03.366, 89.00 W, 59, 59 %, 12 %
2025/08/15 09:46:04.371, 87.59 W, 59, 59 %, 12 %
2025/08/15 09:46:05.378, 85.04 W, 59, 59 %, 11 %
2025/08/15 09:46:06.382, 76.93 W, 59, 58 %, 11 %
2025/08/15 09:46:07.386, 85.37 W, 59, 59 %, 12 %
2025/08/15 09:46:08.391, 86.51 W, 59, 60 %, 12 %
2025/08/15 09:46:09.395, 77.67 W, 59, 59 %, 12 %
2025/08/15 09:46:10.402, 74.03 W, 59, 31 %, 7 %
2025/08/15 09:46:11.407, 86.75 W, 59, 58 %, 11 %
2025/08/15 09:46:12.410, 73.51 W, 59, 58 %, 11 %
2025/08/15 09:46:13.415, 87.30 W, 59, 59 %, 12 %
2025/08/15 09:46:14.422, 81.22 W, 59, 57 %, 11 %
2025/08/15 09:46:15.426, 89.00 W, 59, 59 %, 12 %
2025/08/15 09:46:16.431, 86.86 W, 59, 58 %, 11 %
2025/08/15 09:46:17.435, 86.32 W, 59, 59 %, 12 %
2025/08/15 09:46:18.440, 84.11 W, 59, 58 %, 11 %
2025/08/15 09:46:19.445, 81.70 W, 59, 58 %, 11 %
2025/08/15 09:46:20.449, 90.29 W, 59, 59 %, 12 %
2025/08/15 09:46:21.453, 81.17 W, 60, 57 %, 11 %
2025/08/15 09:46:22.459, 82.37 W, 60, 59 %, 12 %
2025/08/15 09:46:23.462, 83.81 W, 59, 56 %, 11 %
2025/08/15 09:46:24.466, 84.39 W, 59, 58 %, 11 %
2025/08/15 09:46:25.471, 73.05 W, 59, 43 %, 10 %
2025/08/15 09:46:26.475, 81.47 W, 59, 58 %, 11 %
2025/08/15 09:46:27.483, 85.63 W, 59, 58 %, 11 %
2025/08/15 09:46:28.487, 85.18 W, 59, 59 %, 12 %
2025/08/15 09:46:29.491, 90.78 W, 59, 58 %, 11 %
2025/08/15 09:46:30.495, 81.17 W, 59, 58 %, 12 %
2025/08/15 09:46:31.499, 80.39 W, 59, 57 %, 11 %
2025/08/15 09:46:32.504, 89.78 W, 59, 58 %, 12 %
2025/08/15 09:46:33.507, 85.82 W, 59, 59 %, 12 %
2025/08/15 09:46:34.511, 87.85 W, 59, 58 %, 11 %
2025/08/15 09:46:35.516, 85.66 W, 59, 59 %, 12 %
2025/08/15 09:46:36.520, 89.09 W, 59, 59 %, 11 %
2025/08/15 09:46:37.528, 82.18 W, 59, 59 %, 11 %
2025/08/15 09:46:38.532, 85.44 W, 60, 59 %, 12 %
2025/08/15 09:46:39.537, 71.77 W, 59, 44 %, 10 %
2025/08/15 09:46:40.541, 86.11 W, 59, 57 %, 11 %
2025/08/15 09:46:41.546, 79.95 W, 59, 57 %, 11 %
2025/08/15 09:46:42.550, 80.92 W, 59, 58 %, 11 %
2025/08/15 09:46:43.555, 83.35 W, 59, 56 %, 11 %
2025/08/15 09:46:44.559, 80.16 W, 59, 57 %, 11 %
2025/08/15 09:46:45.564, 84.29 W, 59, 58 %, 11 %
2025/08/15 09:46:46.568, 83.61 W, 59, 56 %, 11 %
2025/08/15 09:46:47.572, 73.51 W, 59, 57 %, 11 %
2025/08/15 09:46:48.576, 84.35 W, 59, 54 %, 11 %
2025/08/15 09:46:49.581, 84.90 W, 59, 58 %, 11 %
2025/08/15 09:46:50.585, 86.86 W, 59, 58 %, 11 %
2025/08/15 09:46:51.589, 71.04 W, 59, 58 %, 11 %
2025/08/15 09:46:52.593, 81.02 W, 59, 59 %, 12 %
2025/08/15 09:46:53.597, 81.86 W, 59, 59 %, 11 %
2025/08/15 09:46:54.601, 72.56 W, 59, 41 %, 10 %
2025/08/15 09:46:55.606, 70.58 W, 59, 57 %, 11 %
2025/08/15 09:46:56.613, 85.34 W, 59, 58 %, 11 %
2025/08/15 09:46:57.617, 78.95 W, 59, 59 %, 12 %
2025/08/15 09:46:58.622, 83.70 W, 59, 60 %, 12 %
2025/08/15 09:46:59.626, 91.58 W, 59, 58 %, 11 %
2025/08/15 09:47:00.632, 87.16 W, 59, 59 %, 12 %
2025/08/15 09:47:01.637, 84.64 W, 59, 57 %, 11 %
2025/08/15 09:47:02.641, 82.46 W, 59, 58 %, 11 %
2025/08/15 09:47:03.645, 82.16 W, 60, 59 %, 12 %
2025/08/15 09:47:04.649, 85.38 W, 59, 59 %, 12 %
2025/08/15 09:47:05.653, 75.07 W, 60, 59 %, 12 %
2025/08/15 09:47:06.657, 90.64 W, 60, 58 %, 11 %
2025/08/15 09:47:07.661, 78.69 W, 59, 59 %, 12 %
2025/08/15 09:47:08.669, 76.52 W, 59, 42 %, 10 %
2025/08/15 09:47:09.672, 79.94 W, 59, 59 %, 12 %
2025/08/15 09:47:10.676, 91.25 W, 59, 59 %, 12 %
2025/08/15 09:47:11.681, 78.70 W, 60, 59 %, 12 %
2025/08/15 09:47:12.685, 89.83 W, 60, 59 %, 11 %
2025/08/15 09:47:13.690, 79.31 W, 60, 59 %, 12 %
2025/08/15 09:47:14.694, 84.89 W, 60, 58 %, 11 %
2025/08/15 09:47:15.699, 88.06 W, 60, 59 %, 12 %
2025/08/15 09:47:16.704, 85.87 W, 60, 59 %, 12 %
2025/08/15 09:47:17.708, 88.88 W, 59, 59 %, 12 %
2025/08/15 09:47:18.712, 83.32 W, 60, 60 %, 12 %
2025/08/15 09:47:19.719, 83.70 W, 60, 59 %, 12 %
2025/08/15 09:47:20.723, 84.84 W, 60, 57 %, 11 %
2025/08/15 09:47:21.727, 86.28 W, 60, 57 %, 11 %
2025/08/15 09:47:22.732, 85.13 W, 59, 57 %, 11 %
2025/08/15 09:47:23.736, 66.87 W, 59, 37 %, 8 %
2025/08/15 09:47:24.741, 81.42 W, 59, 58 %, 12 %
2025/08/15 09:47:25.744, 80.68 W, 60, 58 %, 11 %
2025/08/15 09:47:26.748, 76.76 W, 59, 55 %, 11 %
2025/08/15 09:47:27.754, 84.09 W, 59, 56 %, 11 %
2025/08/15 09:47:28.758, 76.72 W, 59, 57 %, 11 %
2025/08/15 09:47:29.762, 79.97 W, 59, 58 %, 11 %
2025/08/15 09:47:30.767, 83.40 W, 59, 58 %, 11 %
2025/08/15 09:47:31.773, 77.26 W, 59, 58 %, 12 %
2025/08/15 09:47:32.778, 79.95 W, 59, 57 %, 11 %
2025/08/15 09:47:33.782, 84.65 W, 60, 59 %, 12 %
2025/08/15 09:47:34.786, 80.92 W, 60, 58 %, 12 %
2025/08/15 09:47:35.791, 74.49 W, 60, 57 %, 11 %
2025/08/15 09:47:36.795, 78.50 W, 59, 55 %, 11 %
2025/08/15 09:47:37.800, 70.08 W, 59, 39 %, 9 %
2025/08/15 09:47:38.805, 81.66 W, 59, 57 %, 11 %
2025/08/15 09:47:39.809, 80.43 W, 59, 56 %, 11 %
2025/08/15 09:47:40.813, 79.90 W, 59, 56 %, 11 %
2025/08/15 09:47:41.816, 72.10 W, 59, 53 %, 10 %
2025/08/15 09:47:42.824, 88.06 W, 59, 57 %, 11 %
2025/08/15 09:47:43.829, 82.41 W, 59, 56 %, 11 %
2025/08/15 09:47:44.832, 79.94 W, 59, 56 %, 11 %
2025/08/15 09:47:45.835, 81.21 W, 59, 56 %, 11 %
2025/08/15 09:47:46.841, 87.61 W, 59, 56 %, 11 %
2025/08/15 09:47:47.846, 89.03 W, 59, 56 %, 11 %
2025/08/15 09:47:48.849, 78.95 W, 59, 56 %, 11 %
2025/08/15 09:47:49.854, 74.70 W, 59, 49 %, 10 %
2025/08/15 09:47:50.861, 80.93 W, 59, 50 %, 10 %
2025/08/15 09:47:51.865, 75.99 W, 59, 51 %, 10 %
2025/08/15 09:47:52.869, 75.74 W, 59, 52 %, 10 %
2025/08/15 09:47:53.872, 72.31 W, 59, 37 %, 9 %
2025/08/15 09:47:54.880, 78.19 W, 59, 53 %, 10 %
2025/08/15 09:47:55.884, 74.49 W, 59, 52 %, 10 %
2025/08/15 09:47:56.888, 82.71 W, 59, 54 %, 11 %
2025/08/15 09:47:57.892, 72.59 W, 59, 46 %, 9 %
2025/08/15 09:47:58.897, 63.90 W, 59, 41 %, 8 %
2025/08/15 09:47:59.902, 82.66 W, 59, 57 %, 11 %
2025/08/15 09:48:00.906, 88.35 W, 59, 58 %, 11 %
2025/08/15 09:48:01.911, 77.71 W, 59, 52 %, 10 %
2025/08/15 09:48:02.916, 87.40 W, 59, 55 %, 11 %
2025/08/15 09:48:03.920, 79.70 W, 59, 56 %, 11 %
2025/08/15 09:48:04.924, 79.65 W, 59, 55 %, 11 %
2025/08/15 09:48:05.929, 80.18 W, 59, 56 %, 11 %
2025/08/15 09:48:06.933, 86.28 W, 59, 59 %, 12 %
2025/08/15 09:48:07.938, 86.52 W, 59, 59 %, 12 %
2025/08/15 09:48:08.942, 73.50 W, 59, 33 %, 8 %
2025/08/15 09:48:09.947, 88.35 W, 59, 56 %, 11 %
2025/08/15 09:48:10.951, 79.73 W, 59, 55 %, 11 %
2025/08/15 09:48:11.955, 80.68 W, 59, 48 %, 9 %
2025/08/15 09:48:12.959, 81.88 W, 59, 55 %, 11 %
2025/08/15 09:48:13.967, 86.59 W, 59, 58 %, 11 %
2025/08/15 09:48:14.971, 87.61 W, 59, 58 %, 11 %
2025/08/15 09:48:15.975, 77.02 W, 59, 59 %, 12 %
2025/08/15 09:48:16.980, 87.30 W, 59, 58 %, 11 %
2025/08/15 09:48:17.984, 80.47 W, 59, 57 %, 11 %
2025/08/15 09:48:18.992, 79.69 W, 59, 58 %, 11 %
2025/08/15 09:48:19.996, 84.67 W, 59, 58 %, 11 %
2025/08/15 09:48:21.000, 81.88 W, 59, 58 %, 11 %
2025/08/15 09:48:22.004, 87.30 W, 59, 52 %, 10 %
2025/08/15 09:48:23.007, 87.84 W, 59, 57 %, 11 %
2025/08/15 09:48:24.011, 74.04 W, 59, 42 %, 10 %
2025/08/15 09:48:25.016, 89.82 W, 59, 57 %, 11 %
2025/08/15 09:48:26.020, 88.05 W, 59, 57 %, 11 %
2025/08/15 09:48:27.025, 76.68 W, 59, 58 %, 11 %
2025/08/15 09:48:28.028, 86.83 W, 59, 57 %, 11 %
2025/08/15 09:48:29.035, 85.08 W, 59, 57 %, 11 %
2025/08/15 09:48:30.039, 73.80 W, 59, 52 %, 10 %
2025/08/15 09:48:31.043, 78.50 W, 59, 55 %, 11 %
2025/08/15 09:48:32.048, 78.91 W, 59, 53 %, 10 %
2025/08/15 09:48:33.053, 82.41 W, 59, 58 %, 11 %
2025/08/15 09:48:34.058, 82.16 W, 59, 57 %, 11 %
2025/08/15 09:48:35.062, 89.83 W, 59, 57 %, 11 %
2025/08/15 09:48:36.067, 90.27 W, 59, 58 %, 11 %
2025/08/15 09:48:37.072, 86.82 W, 59, 58 %, 11 %
2025/08/15 09:48:38.075, 79.24 W, 59, 58 %, 11 %
2025/08/15 09:48:39.080, 72.56 W, 59, 42 %, 10 %
2025/08/15 09:48:40.085, 87.07 W, 59, 58 %, 11 %
2025/08/15 09:48:41.089, 83.91 W, 59, 57 %, 11 %
2025/08/15 09:48:42.093, 80.18 W, 59, 53 %, 10 %
2025/08/15 09:48:43.100, 80.18 W, 59, 58 %, 11 %
2025/08/15 09:48:44.105, 88.35 W, 59, 58 %, 11 %
2025/08/15 09:48:45.109, 76.51 W, 59, 58 %, 11 %
2025/08/15 09:48:46.114, 83.10 W, 59, 57 %, 11 %
2025/08/15 09:48:47.119, 79.94 W, 60, 57 %, 11 %
2025/08/15 09:48:48.124, 88.06 W, 60, 58 %, 11 %
2025/08/15 09:48:49.128, 80.93 W, 59, 58 %, 11 %
2025/08/15 09:48:50.132, 84.39 W, 60, 58 %, 11 %
2025/08/15 09:48:51.139, 78.98 W, 60, 57 %, 11 %
2025/08/15 09:48:52.144, 90.72 W, 60, 58 %, 11 %
2025/08/15 09:48:53.148, 70.32 W, 59, 32 %, 7 %
2025/08/15 09:48:54.152, 87.08 W, 59, 57 %, 11 %
2025/08/15 09:48:55.158, 88.35 W, 59, 57 %, 11 %
2025/08/15 09:48:56.162, 88.59 W, 59, 57 %, 11 %
2025/08/15 09:48:57.167, 82.67 W, 59, 59 %, 12 %
2025/08/15 09:48:58.171, 74.82 W, 60, 58 %, 11 %
2025/08/15 09:48:59.176, 81.62 W, 60, 53 %, 10 %
2025/08/15 09:49:00.180, 78.20 W, 59, 55 %, 11 %
2025/08/15 09:49:01.185, 78.95 W, 59, 51 %, 10 %
2025/08/15 09:49:02.189, 81.63 W, 59, 50 %, 10 %
2025/08/15 09:49:03.193, 83.06 W, 59, 56 %, 11 %
2025/08/15 09:49:04.198, 81.39 W, 59, 53 %, 10 %
2025/08/15 09:49:05.202, 85.04 W, 59, 55 %, 11 %
2025/08/15 09:49:06.207, 84.65 W, 59, 56 %, 11 %
2025/08/15 09:49:07.211, 88.06 W, 59, 56 %, 11 %
2025/08/15 09:49:08.214, 61.20 W, 59, 47 %, 9 %
2025/08/15 09:49:09.219, 77.47 W, 59, 29 %, 7 %
2025/08/15 09:49:10.225, 85.04 W, 59, 58 %, 11 %
2025/08/15 09:49:11.228, 87.45 W, 59, 58 %, 11 %
2025/08/15 09:49:12.232, 88.06 W, 59, 56 %, 11 %
2025/08/15 09:49:13.237, 83.36 W, 59, 59 %, 12 %
2025/08/15 09:49:14.240, 82.91 W, 59, 58 %, 11 %
2025/08/15 09:49:15.245, 85.31 W, 59, 57 %, 11 %
2025/08/15 09:49:16.249, 76.47 W, 59, 58 %, 11 %
2025/08/15 09:49:17.253, 86.12 W, 59, 58 %, 11 %
2025/08/15 09:49:18.258, 84.89 W, 59, 58 %, 11 %
2025/08/15 09:49:19.262, 82.46 W, 59, 58 %, 11 %
2025/08/15 09:49:20.266, 86.37 W, 59, 58 %, 11 %
2025/08/15 09:49:21.271, 86.37 W, 60, 59 %, 12 %
2025/08/15 09:49:22.275, 87.06 W, 59, 59 %, 11 %
2025/08/15 09:49:23.280, 70.57 W, 59, 44 %, 10 %
2025/08/15 09:49:24.285, 76.06 W, 59, 60 %, 12 %
2025/08/15 09:49:25.288, 83.15 W, 59, 58 %, 11 %
2025/08/15 09:49:26.292, 83.11 W, 59, 55 %, 11 %
2025/08/15 09:49:27.296, 80.43 W, 59, 56 %, 11 %
2025/08/15 09:49:28.299, 83.44 W, 59, 55 %, 11 %
2025/08/15 09:49:29.304, 83.41 W, 59, 53 %, 10 %
2025/08/15 09:49:30.311, 87.61 W, 59, 54 %, 11 %
2025/08/15 09:49:31.314, 79.26 W, 59, 52 %, 10 %
2025/08/15 09:49:32.319, 83.91 W, 59, 54 %, 11 %
2025/08/15 09:49:33.322, 86.36 W, 59, 54 %, 11 %
2025/08/15 09:49:34.327, 68.27 W, 59, 49 %, 10 %
2025/08/15 09:49:35.331, 79.44 W, 59, 52 %, 10 %
2025/08/15 09:49:36.336, 87.40 W, 59, 55 %, 11 %
2025/08/15 09:49:37.340, 77.78 W, 59, 54 %, 11 %
2025/08/15 09:49:38.344, 54.02 W, 59, 54 %, 11 %
2025/08/15 09:49:39.349, 43.14 W, 59, 39 %, 9 %
2025/08/15 09:49:40.353, 80.44 W, 59, 56 %, 11 %
2025/08/15 09:49:41.358, 83.05 W, 59, 57 %, 11 %
2025/08/15 09:49:42.361, 81.88 W, 59, 54 %, 11 %
2025/08/15 09:49:43.368, 74.75 W, 59, 58 %, 11 %
2025/08/15 09:49:44.373, 82.91 W, 59, 57 %, 11 %
2025/08/15 09:49:45.376, 81.17 W, 59, 57 %, 11 %
2025/08/15 09:49:46.380, 85.97 W, 59, 57 %, 11 %
2025/08/15 09:49:47.385, 77.96 W, 59, 55 %, 11 %
2025/08/15 09:49:48.389, 86.12 W, 59, 57 %, 11 %
2025/08/15 09:49:49.394, 83.35 W, 59, 55 %, 11 %
2025/08/15 09:49:50.397, 77.18 W, 59, 56 %, 11 %
2025/08/15 09:49:51.402, 86.56 W, 59, 54 %, 11 %
2025/08/15 09:49:52.406, 78.95 W, 59, 57 %, 11 %
2025/08/15 09:49:53.410, 78.45 W, 59, 55 %, 11 %
2025/08/15 09:49:54.416, 68.34 W, 59, 39 %, 9 %
2025/08/15 09:49:55.420, 85.13 W, 59, 56 %, 11 %
2025/08/15 09:49:56.424, 74.74 W, 59, 54 %, 11 %
2025/08/15 09:49:57.429, 86.78 W, 59, 57 %, 11 %
2025/08/15 09:49:58.436, 86.38 W, 59, 57 %, 11 %
2025/08/15 09:49:59.441, 85.59 W, 59, 58 %, 11 %
2025/08/15 09:50:00.445, 81.92 W, 59, 56 %, 11 %
2025/08/15 09:50:01.449, 79.43 W, 59, 55 %, 11 %
2025/08/15 09:50:02.454, 83.07 W, 59, 54 %, 10 %
2025/08/15 09:50:03.459, 86.14 W, 59, 54 %, 11 %
2025/08/15 09:50:04.463, 86.86 W, 59, 54 %, 11 %
2025/08/15 09:50:05.467, 80.92 W, 59, 53 %, 10 %
2025/08/15 09:50:06.473, 78.74 W, 59, 50 %, 10 %
2025/08/15 09:50:07.476, 87.40 W, 59, 55 %, 11 %
2025/08/15 09:50:08.480, 80.18 W, 59, 54 %, 11 %
2025/08/15 09:50:09.484, 73.50 W, 59, 37 %, 9 %
2025/08/15 09:50:10.488, 84.87 W, 59, 50 %, 10 %
2025/08/15 09:50:11.493, 85.91 W, 59, 53 %, 10 %
2025/08/15 09:50:12.497, 84.34 W, 59, 49 %, 10 %
2025/08/15 09:50:13.504, 76.92 W, 59, 53 %, 10 %
2025/08/15 09:50:14.508, 81.15 W, 59, 52 %, 10 %
2025/08/15 09:50:15.512, 82.85 W, 59, 50 %, 10 %
2025/08/15 09:50:16.517, 81.26 W, 59, 52 %, 10 %
2025/08/15 09:50:17.522, 82.17 W, 59, 53 %, 10 %
2025/08/15 09:50:18.527, 74.99 W, 59, 50 %, 10 %
2025/08/15 09:50:19.531, 81.63 W, 59, 49 %, 10 %
2025/08/15 09:50:20.535, 90.13 W, 59, 55 %, 11 %
2025/08/15 09:50:21.541, 78.20 W, 59, 55 %, 11 %
2025/08/15 09:50:22.546, 81.17 W, 59, 55 %, 11 %
2025/08/15 09:50:23.550, 73.51 W, 59, 54 %, 11 %
2025/08/15 09:50:24.555, 74.04 W, 59, 54 %, 11 %
2025/08/15 09:50:25.560, 69.58 W, 59, 35 %, 8 %
2025/08/15 09:50:26.564, 83.81 W, 59, 49 %, 10 %
2025/08/15 09:50:27.569, 88.44 W, 59, 57 %, 11 %
2025/08/15 09:50:28.572, 87.85 W, 59, 55 %, 11 %
2025/08/15 09:50:29.578, 87.30 W, 59, 55 %, 11 %
2025/08/15 09:50:30.581, 85.88 W, 59, 54 %, 11 %
2025/08/15 09:50:31.586, 79.99 W, 59, 55 %, 11 %
2025/08/15 09:50:32.590, 86.40 W, 59, 56 %, 11 %
2025/08/15 09:50:33.594, 82.37 W, 59, 55 %, 11 %
2025/08/15 09:50:34.599, 86.27 W, 59, 54 %, 11 %
2025/08/15 09:50:35.603, 87.59 W, 59, 54 %, 11 %
2025/08/15 09:50:36.608, 74.00 W, 59, 54 %, 11 %
2025/08/15 09:50:37.613, 79.98 W, 59, 48 %, 9 %
2025/08/15 09:50:38.616, 78.20 W, 59, 51 %, 10 %
2025/08/15 09:50:39.621, 77.01 W, 59, 53 %, 10 %
2025/08/15 09:50:40.628, 83.86 W, 59, 55 %, 11 %
2025/08/15 09:50:41.631, 63.57 W, 59, 41 %, 10 %
2025/08/15 09:50:42.636, 86.86 W, 59, 55 %, 11 %
2025/08/15 09:50:43.640, 73.25 W, 59, 55 %, 11 %
2025/08/15 09:50:44.646, 80.68 W, 59, 54 %, 11 %
2025/08/15 09:50:45.650, 82.26 W, 59, 56 %, 11 %
2025/08/15 09:50:46.654, 78.35 W, 59, 56 %, 11 %
2025/08/15 09:50:47.659, 79.85 W, 59, 54 %, 11 %
2025/08/15 09:50:48.664, 77.46 W, 59, 55 %, 11 %
2025/08/15 09:50:49.668, 74.95 W, 59, 55 %, 11 %
2025/08/15 09:50:50.671, 76.72 W, 59, 55 %, 11 %
2025/08/15 09:50:51.675, 84.64 W, 59, 54 %, 11 %
2025/08/15 09:50:52.680, 83.93 W, 59, 55 %, 11 %
2025/08/15 09:50:53.685, 80.14 W, 59, 55 %, 11 %
2025/08/15 09:50:54.690, 82.91 W, 59, 54 %, 11 %
2025/08/15 09:50:55.694, 82.41 W, 59, 56 %, 11 %
2025/08/15 09:50:56.698, 70.82 W, 59, 40 %, 9 %
2025/08/15 09:50:57.702, 85.13 W, 59, 55 %, 11 %
2025/08/15 09:50:58.706, 87.07 W, 59, 55 %, 11 %
2025/08/15 09:50:59.712, 78.29 W, 59, 56 %, 11 %
2025/08/15 09:51:00.717, 83.17 W, 59, 54 %, 11 %
2025/08/15 09:51:01.720, 87.52 W, 59, 55 %, 11 %
2025/08/15 09:51:02.725, 82.57 W, 59, 55 %, 11 %
2025/08/15 09:51:03.731, 75.48 W, 59, 54 %, 11 %
2025/08/15 09:51:04.735, 79.15 W, 59, 57 %, 11 %
2025/08/15 09:51:05.740, 86.86 W, 59, 55 %, 11 %
2025/08/15 09:51:06.744, 74.04 W, 59, 55 %, 11 %
2025/08/15 09:51:07.750, 87.57 W, 59, 54 %, 11 %
2025/08/15 09:51:08.755, 80.80 W, 59, 55 %, 11 %
2025/08/15 09:51:09.759, 83.40 W, 59, 49 %, 10 %
2025/08/15 09:51:10.763, 80.93 W, 59, 53 %, 10 %
2025/08/15 09:51:11.769, 46.39 W, 59, 54 %, 11 %
2025/08/15 09:51:12.773, 43.66 W, 58, 39 %, 9 %
2025/08/15 09:51:13.777, 88.50 W, 59, 55 %, 11 %
2025/08/15 09:51:14.781, 84.35 W, 59, 55 %, 11 %
2025/08/15 09:51:15.785, 81.61 W, 59, 56 %, 11 %
2025/08/15 09:51:16.790, 88.56 W, 59, 56 %, 11 %
2025/08/15 09:51:17.796, 82.38 W, 59, 56 %, 11 %
2025/08/15 09:51:18.800, 88.31 W, 59, 55 %, 11 %
2025/08/15 09:51:19.803, 81.86 W, 59, 58 %, 11 %
2025/08/15 09:51:20.808, 77.71 W, 59, 51 %, 10 %
2025/08/15 09:51:21.811, 76.97 W, 59, 52 %, 10 %
2025/08/15 09:51:22.817, 78.89 W, 59, 53 %, 10 %
2025/08/15 09:51:23.822, 82.94 W, 59, 52 %, 10 %
2025/08/15 09:51:24.825, 73.51 W, 59, 52 %, 10 %
2025/08/15 09:51:25.830, 72.76 W, 59, 52 %, 10 %
2025/08/15 09:51:26.836, 75.00 W, 59, 51 %, 10 %
2025/08/15 09:51:27.840, 69.38 W, 59, 31 %, 6 %
2025/08/15 09:51:28.843, 76.77 W, 58, 21 %, 5 %
2025/08/15 09:51:29.848, 85.13 W, 59, 46 %, 9 %
2025/08/15 09:51:30.855, 77.29 W, 59, 54 %, 11 %
2025/08/15 09:51:31.859, 75.25 W, 59, 51 %, 10 %
2025/08/15 09:51:32.863, 80.02 W, 59, 56 %, 11 %
2025/08/15 09:51:33.868, 85.34 W, 59, 54 %, 11 %
2025/08/15 09:51:34.873, 79.68 W, 59, 58 %, 11 %
2025/08/15 09:51:35.877, 79.65 W, 59, 55 %, 11 %
2025/08/15 09:51:36.882, 79.70 W, 59, 55 %, 11 %
2025/08/15 09:51:37.886, 82.41 W, 59, 54 %, 11 %
2025/08/15 09:51:38.890, 71.32 W, 59, 55 %, 11 %
2025/08/15 09:51:39.893, 78.65 W, 59, 55 %, 11 %
2025/08/15 09:51:40.898, 75.23 W, 59, 52 %, 10 %
2025/08/15 09:51:41.903, 80.44 W, 59, 44 %, 9 %
2025/08/15 09:51:42.906, 87.15 W, 59, 55 %, 11 %
2025/08/15 09:51:43.909, 69.83 W, 59, 39 %, 9 %
2025/08/15 09:51:44.912, 76.68 W, 59, 55 %, 11 %
2025/08/15 09:51:45.917, 89.34 W, 59, 56 %, 11 %
2025/08/15 09:51:46.921, 81.66 W, 59, 55 %, 11 %
2025/08/15 09:51:47.926, 82.09 W, 59, 56 %, 11 %
2025/08/15 09:51:48.930, 87.81 W, 59, 55 %, 11 %
2025/08/15 09:51:49.934, 86.66 W, 59, 55 %, 11 %
2025/08/15 09:51:50.940, 84.06 W, 59, 54 %, 11 %
2025/08/15 09:51:51.943, 78.25 W, 59, 47 %, 9 %
2025/08/15 09:51:52.948, 82.66 W, 59, 55 %, 11 %
2025/08/15 09:51:53.952, 75.47 W, 59, 54 %, 11 %
2025/08/15 09:51:54.958, 76.25 W, 59, 55 %, 11 %
2025/08/15 09:51:55.963, 83.10 W, 59, 56 %, 11 %
2025/08/15 09:51:56.966, 81.13 W, 59, 55 %, 11 %
2025/08/15 09:51:57.970, 80.18 W, 59, 55 %, 11 %
2025/08/15 09:51:58.975, 44.63 W, 59, 54 %, 11 %
2025/08/15 09:51:59.979, 43.14 W, 58, 40 %, 9 %
2025/08/15 09:52:00.983, 86.60 W, 59, 55 %, 11 %
2025/08/15 09:52:01.987, 85.19 W, 59, 47 %, 9 %
2025/08/15 09:52:02.992, 77.92 W, 59, 56 %, 11 %
2025/08/15 09:52:03.996, 80.44 W, 59, 55 %, 11 %
2025/08/15 09:52:05.001, 82.12 W, 59, 56 %, 11 %
2025/08/15 09:52:06.007, 84.40 W, 59, 56 %, 11 %
2025/08/15 09:52:07.012, 84.38 W, 59, 54 %, 11 %
2025/08/15 09:52:08.016, 83.61 W, 59, 56 %, 11 %
2025/08/15 09:52:09.021, 84.10 W, 59, 56 %, 11 %
2025/08/15 09:52:10.027, 82.21 W, 59, 56 %, 11 %
2025/08/15 09:52:11.031, 79.24 W, 59, 56 %, 11 %
2025/08/15 09:52:12.036, 79.14 W, 59, 49 %, 10 %
2025/08/15 09:52:13.040, 80.09 W, 59, 50 %, 10 %
2025/08/15 09:52:14.045, 80.40 W, 59, 52 %, 10 %
2025/08/15 09:52:15.049, 68.10 W, 58, 39 %, 9 %
2025/08/15 09:52:16.054, 77.93 W, 59, 56 %, 11 %
2025/08/15 09:52:17.058, 79.19 W, 59, 55 %, 11 %
2025/08/15 09:52:18.062, 76.77 W, 59, 55 %, 11 %
2025/08/15 09:52:19.067, 81.66 W, 59, 56 %, 11 %
2025/08/15 09:52:20.071, 83.36 W, 59, 56 %, 11 %
2025/08/15 09:52:21.076, 87.57 W, 59, 54 %, 11 %
2025/08/15 09:52:22.080, 76.46 W, 59, 50 %, 10 %
2025/08/15 09:52:23.087, 77.71 W, 59, 55 %, 11 %
2025/08/15 09:52:24.090, 76.76 W, 59, 56 %, 11 %
2025/08/15 09:52:25.094, 83.44 W, 59, 56 %, 11 %
2025/08/15 09:52:26.098, 89.29 W, 59, 56 %, 11 %
2025/08/15 09:52:27.103, 76.72 W, 59, 56 %, 11 %
2025/08/15 09:52:28.106, 78.66 W, 59, 54 %, 11 %
2025/08/15 09:52:29.112, 78.95 W, 59, 56 %, 11 %
2025/08/15 09:52:30.116, 67.89 W, 59, 28 %, 6 %
2025/08/15 09:52:31.120, 82.00 W, 59, 22 %, 5 %
2025/08/15 09:52:32.124, 75.02 W, 59, 46 %, 9 %
2025/08/15 09:52:33.130, 83.61 W, 59, 50 %, 10 %
2025/08/15 09:52:34.135, 78.99 W, 59, 52 %, 10 %
2025/08/15 09:52:35.139, 79.69 W, 59, 50 %, 10 %
2025/08/15 09:52:36.144, 87.61 W, 59, 52 %, 10 %
2025/08/15 09:52:37.149, 69.57 W, 59, 52 %, 10 %
2025/08/15 09:52:38.154, 76.98 W, 59, 54 %, 11 %
2025/08/15 09:52:39.158, 76.79 W, 59, 52 %, 10 %
2025/08/15 09:52:40.162, 71.56 W, 59, 46 %, 9 %
2025/08/15 09:52:41.168, 77.75 W, 59, 54 %, 11 %
2025/08/15 09:52:42.171, 79.40 W, 59, 54 %, 11 %
2025/08/15 09:52:43.175, 79.25 W, 59, 55 %, 11 %
2025/08/15 09:52:44.179, 89.40 W, 59, 55 %, 11 %
2025/08/15 09:52:45.184, 76.19 W, 59, 47 %, 9 %
2025/08/15 09:52:46.187, 45.65 W, 59, 51 %, 10 %
2025/08/15 09:52:47.190, 42.87 W, 58, 39 %, 9 %
2025/08/15 09:52:48.195, 80.10 W, 59, 54 %, 11 %
2025/08/15 09:52:49.199, 84.89 W, 59, 56 %, 11 %
2025/08/15 09:52:50.204, 74.07 W, 59, 54 %, 11 %
2025/08/15 09:52:51.207, 79.19 W, 59, 55 %, 11 %
2025/08/15 09:52:52.211, 79.45 W, 59, 54 %, 11 %
2025/08/15 09:52:53.218, 84.38 W, 59, 55 %, 11 %
2025/08/15 09:52:54.221, 82.36 W, 59, 55 %, 11 %
2025/08/15 09:52:55.226, 83.11 W, 59, 54 %, 11 %
2025/08/15 09:52:56.230, 89.09 W, 59, 56 %, 11 %
2025/08/15 09:52:57.236, 73.10 W, 59, 54 %, 11 %
2025/08/15 09:52:58.240, 74.75 W, 59, 56 %, 11 %
2025/08/15 09:52:59.245, 78.69 W, 59, 56 %, 11 %
2025/08/15 09:53:00.249, 77.18 W, 59, 54 %, 11 %
2025/08/15 09:53:01.254, 84.89 W, 59, 56 %, 11 %
2025/08/15 09:53:02.258, 73.51 W, 58, 39 %, 9 %
2025/08/15 09:53:03.263, 73.01 W, 59, 54 %, 11 %
2025/08/15 09:53:04.268, 76.93 W, 59, 56 %, 11 %
2025/08/15 09:53:05.274, 83.20 W, 59, 55 %, 11 %
2025/08/15 09:53:06.277, 77.50 W, 59, 54 %, 11 %
2025/08/15 09:53:07.281, 80.68 W, 59, 54 %, 11 %
2025/08/15 09:53:08.286, 83.15 W, 59, 55 %, 11 %
2025/08/15 09:53:09.290, 75.15 W, 59, 55 %, 11 %
2025/08/15 09:53:10.295, 76.77 W, 59, 54 %, 11 %
2025/08/15 09:53:11.299, 75.53 W, 59, 55 %, 11 %
2025/08/15 09:53:12.304, 71.32 W, 59, 56 %, 11 %
2025/08/15 09:53:13.308, 84.68 W, 59, 55 %, 11 %
2025/08/15 09:53:14.313, 79.40 W, 59, 55 %, 11 %
2025/08/15 09:53:15.316, 77.80 W, 59, 55 %, 11 %
2025/08/15 09:53:16.322, 70.61 W, 59, 54 %, 11 %
2025/08/15 09:53:17.326, 72.09 W, 59, 37 %, 9 %
2025/08/15 09:53:18.330, 78.00 W, 58, 55 %, 11 %
2025/08/15 09:53:19.335, 84.14 W, 59, 56 %, 11 %
2025/08/15 09:53:20.341, 77.01 W, 59, 54 %, 10 %
2025/08/15 09:53:21.346, 82.92 W, 59, 55 %, 11 %
2025/08/15 09:53:22.350, 82.69 W, 59, 55 %, 11 %
2025/08/15 09:53:23.355, 81.23 W, 59, 57 %, 11 %
2025/08/15 09:53:24.360, 80.74 W, 59, 56 %, 11 %
2025/08/15 09:53:25.364, 84.34 W, 59, 56 %, 11 %
2025/08/15 09:53:26.368, 76.43 W, 59, 55 %, 11 %
2025/08/15 09:53:27.372, 88.06 W, 59, 55 %, 11 %
2025/08/15 09:53:28.380, 74.01 W, 59, 57 %, 11 %
2025/08/15 09:53:29.383, 88.09 W, 59, 56 %, 11 %
2025/08/15 09:53:30.388, 77.01 W, 59, 54 %, 11 %
2025/08/15 09:53:31.392, 83.79 W, 59, 56 %, 11 %
2025/08/15 09:53:32.395, 44.15 W, 59, 55 %, 11 %
2025/08/15 09:53:33.399, 65.41 W, 58, 34 %, 8 %
2025/08/15 09:53:34.404, 82.12 W, 59, 55 %, 11 %
2025/08/15 09:53:35.409, 87.40 W, 59, 55 %, 11 %
2025/08/15 09:53:36.413, 72.94 W, 59, 56 %, 11 %
2025/08/15 09:53:37.417, 87.38 W, 59, 55 %, 11 %
2025/08/15 09:53:38.422, 77.96 W, 59, 56 %, 11 %
2025/08/15 09:53:39.427, 83.91 W, 59, 56 %, 11 %
2025/08/15 09:53:40.430, 80.39 W, 59, 54 %, 11 %
2025/08/15 09:53:41.434, 75.20 W, 59, 48 %, 9 %
2025/08/15 09:53:42.438, 70.82 W, 59, 48 %, 9 %
2025/08/15 09:53:43.443, 75.44 W, 59, 50 %, 10 %
2025/08/15 09:53:44.447, 70.58 W, 59, 52 %, 10 %
2025/08/15 09:53:45.451, 71.57 W, 59, 50 %, 10 %
2025/08/15 09:53:46.455, 77.26 W, 58, 52 %, 10 %
2025/08/15 09:53:47.459, 73.76 W, 59, 52 %, 10 %
2025/08/15 09:53:48.464, 44.11 W, 58, 44 %, 9 %
2025/08/15 09:53:49.467, 65.66 W, 58, 33 %, 8 %
2025/08/15 09:53:50.472, 79.74 W, 58, 51 %, 10 %
2025/08/15 09:53:51.476, 73.79 W, 59, 56 %, 11 %
2025/08/15 09:53:52.480, 82.71 W, 59, 56 %, 11 %
2025/08/15 09:53:53.485, 75.99 W, 59, 54 %, 11 %
2025/08/15 09:53:54.489, 75.94 W, 59, 55 %, 11 %
2025/08/15 09:53:55.496, 87.40 W, 59, 54 %, 11 %
2025/08/15 09:53:56.500, 80.23 W, 59, 57 %, 11 %
2025/08/15 09:53:57.504, 78.25 W, 59, 58 %, 11 %
2025/08/15 09:53:58.508, 83.84 W, 59, 58 %, 11 %
2025/08/15 09:53:59.515, 88.85 W, 59, 56 %, 11 %
2025/08/15 09:54:00.518, 84.93 W, 59, 57 %, 11 %
2025/08/15 09:54:01.521, 81.88 W, 59, 59 %, 12 %
2025/08/15 09:54:02.526, 83.36 W, 59, 58 %, 11 %
2025/08/15 09:54:03.529, 77.02 W, 59, 59 %, 12 %
2025/08/15 09:54:04.533, 69.83 W, 58, 41 %, 9 %
2025/08/15 09:54:05.537, 87.91 W, 59, 58 %, 11 %
2025/08/15 09:54:06.542, 85.13 W, 59, 58 %, 11 %
2025/08/15 09:54:07.545, 75.04 W, 59, 58 %, 12 %
2025/08/15 09:54:08.552, 82.46 W, 59, 57 %, 11 %
2025/08/15 09:54:09.556, 89.53 W, 59, 58 %, 11 %
2025/08/15 09:54:10.561, 84.10 W, 59, 58 %, 11 %
2025/08/15 09:54:11.565, 80.69 W, 59, 59 %, 12 %
2025/08/15 09:54:12.570, 75.25 W, 59, 57 %, 11 %
2025/08/15 09:54:13.574, 82.21 W, 59, 58 %, 11 %
2025/08/15 09:54:14.579, 84.56 W, 59, 59 %, 12 %
2025/08/15 09:54:15.583, 84.19 W, 59, 59 %, 12 %
2025/08/15 09:54:16.588, 83.40 W, 59, 58 %, 11 %
2025/08/15 09:54:17.592, 83.84 W, 59, 58 %, 11 %
2025/08/15 09:54:18.596, 71.57 W, 59, 41 %, 10 %
2025/08/15 09:54:19.601, 81.67 W, 59, 58 %, 12 %
2025/08/15 09:54:20.605, 75.74 W, 59, 53 %, 11 %
2025/08/15 09:54:21.610, 78.50 W, 59, 56 %, 11 %
2025/08/15 09:54:22.614, 90.62 W, 59, 58 %, 11 %
2025/08/15 09:54:23.620, 81.22 W, 59, 58 %, 11 %
2025/08/15 09:54:24.624, 82.37 W, 59, 56 %, 11 %
2025/08/15 09:54:25.629, 85.98 W, 59, 57 %, 11 %
2025/08/15 09:54:26.633, 82.21 W, 59, 57 %, 11 %
2025/08/15 09:54:27.639, 90.09 W, 59, 58 %, 11 %
2025/08/15 09:54:28.643, 85.68 W, 59, 58 %, 11 %
2025/08/15 09:54:29.648, 86.17 W, 59, 58 %, 11 %
2025/08/15 09:54:30.652, 80.97 W, 59, 58 %, 11 %
2025/08/15 09:54:31.657, 84.44 W, 59, 58 %, 11 %
2025/08/15 09:54:32.662, 85.86 W, 59, 59 %, 12 %
2025/08/15 09:54:33.666, 71.81 W, 59, 42 %, 10 %
2025/08/15 09:54:34.671, 84.90 W, 59, 58 %, 11 %
2025/08/15 09:54:35.675, 80.43 W, 59, 58 %, 12 %
2025/08/15 09:54:36.682, 84.85 W, 59, 58 %, 11 %
2025/08/15 09:54:37.686, 82.66 W, 59, 58 %, 11 %
2025/08/15 09:54:38.690, 76.52 W, 59, 57 %, 11 %
2025/08/15 09:54:39.694, 84.14 W, 59, 59 %, 12 %
2025/08/15 09:54:40.699, 81.02 W, 59, 58 %, 11 %
2025/08/15 09:54:41.706, 86.38 W, 59, 58 %, 11 %
2025/08/15 09:54:42.710, 82.42 W, 59, 57 %, 11 %
2025/08/15 09:54:43.715, 85.17 W, 59, 58 %, 11 %
2025/08/15 09:54:44.718, 87.80 W, 59, 58 %, 11 %
2025/08/15 09:54:45.726, 84.90 W, 59, 59 %, 12 %
2025/08/15 09:54:46.730, 84.69 W, 59, 58 %, 11 %
2025/08/15 09:54:47.734, 69.58 W, 59, 34 %, 7 %
2025/08/15 09:54:48.739, 85.88 W, 59, 54 %, 11 %
2025/08/15 09:54:49.745, 71.82 W, 59, 59 %, 11 %
2025/08/15 09:54:50.749, 76.19 W, 59, 56 %, 11 %
2025/08/15 09:54:51.754, 74.00 W, 59, 52 %, 10 %
2025/08/15 09:54:52.758, 73.80 W, 59, 50 %, 10 %
2025/08/15 09:54:53.763, 85.38 W, 59, 56 %, 11 %
2025/08/15 09:54:54.767, 84.89 W, 59, 57 %, 11 %
2025/08/15 09:54:55.771, 81.86 W, 59, 55 %, 11 %
2025/08/15 09:54:56.776, 78.75 W, 59, 55 %, 11 %
2025/08/15 09:54:57.780, 86.60 W, 59, 56 %, 11 %
2025/08/15 09:54:58.787, 79.21 W, 59, 54 %, 11 %
2025/08/15 09:54:59.790, 83.37 W, 59, 52 %, 10 %
2025/08/15 09:55:00.795, 81.42 W, 59, 58 %, 11 %
2025/08/15 09:55:01.798, 69.76 W, 59, 55 %, 11 %
2025/08/15 09:55:02.803, 72.10 W, 59, 37 %, 8 %
2025/08/15 09:55:03.807, 80.89 W, 59, 43 %, 9 %
2025/08/15 09:55:04.810, 88.75 W, 59, 59 %, 12 %
2025/08/15 09:55:05.815, 87.52 W, 59, 58 %, 11 %
2025/08/15 09:55:06.818, 86.33 W, 59, 59 %, 12 %
2025/08/15 09:55:07.823, 80.20 W, 59, 57 %, 11 %
2025/08/15 09:55:08.827, 84.10 W, 59, 57 %, 11 %
2025/08/15 09:55:09.831, 89.30 W, 59, 58 %, 12 %
2025/08/15 09:55:10.836, 85.38 W, 59, 58 %, 11 %
2025/08/15 09:55:11.840, 73.45 W, 59, 55 %, 11 %
2025/08/15 09:55:12.844, 80.68 W, 59, 58 %, 11 %
2025/08/15 09:55:13.848, 81.47 W, 59, 58 %, 11 %
2025/08/15 09:55:14.852, 84.64 W, 59, 57 %, 11 %
2025/08/15 09:55:15.857, 88.99 W, 59, 58 %, 11 %
2025/08/15 09:55:16.861, 78.91 W, 59, 58 %, 12 %
2025/08/15 09:55:17.866, 70.08 W, 59, 42 %, 10 %
2025/08/15 09:55:18.870, 80.94 W, 59, 58 %, 11 %
2025/08/15 09:55:19.874, 86.36 W, 59, 58 %, 12 %
2025/08/15 09:55:20.878, 76.82 W, 59, 60 %, 12 %
2025/08/15 09:55:21.883, 83.35 W, 59, 55 %, 11 %
2025/08/15 09:55:22.887, 90.21 W, 59, 59 %, 12 %
2025/08/15 09:55:23.891, 82.13 W, 59, 52 %, 10 %
2025/08/15 09:55:24.896, 73.01 W, 59, 55 %, 11 %
2025/08/15 09:55:25.900, 76.48 W, 59, 58 %, 11 %
2025/08/15 09:55:26.904, 79.69 W, 59, 58 %, 11 %
2025/08/15 09:55:27.908, 84.85 W, 59, 56 %, 11 %
2025/08/15 09:55:28.913, 87.86 W, 59, 56 %, 11 %
2025/08/15 09:55:29.917, 87.11 W, 59, 59 %, 12 %
2025/08/15 09:55:30.921, 82.61 W, 59, 58 %, 11 %
2025/08/15 09:55:31.925, 87.85 W, 59, 51 %, 10 %
2025/08/15 09:55:32.929, 43.39 W, 59, 40 %, 9 %
2025/08/15 09:55:33.934, 84.60 W, 59, 59 %, 12 %
2025/08/15 09:55:34.939, 73.51 W, 59, 57 %, 11 %
2025/08/15 09:55:35.943, 82.67 W, 59, 58 %, 11 %
2025/08/15 09:55:36.948, 84.16 W, 59, 59 %, 12 %
2025/08/15 09:55:37.953, 85.06 W, 59, 55 %, 11 %
2025/08/15 09:55:38.957, 85.61 W, 59, 54 %, 11 %
2025/08/15 09:55:39.962, 82.91 W, 59, 54 %, 11 %
2025/08/15 09:55:40.966, 81.67 W, 59, 54 %, 11 %
2025/08/15 09:55:41.970, 76.77 W, 59, 48 %, 9 %
2025/08/15 09:55:42.978, 81.22 W, 59, 54 %, 11 %
2025/08/15 09:55:43.981, 78.46 W, 59, 55 %, 11 %
2025/08/15 09:55:44.986, 86.63 W, 59, 55 %, 11 %
2025/08/15 09:55:45.990, 70.83 W, 59, 55 %, 11 %
2025/08/15 09:55:46.995, 75.95 W, 59, 54 %, 11 %
2025/08/15 09:55:47.999, 69.29 W, 59, 39 %, 9 %
2025/08/15 09:55:49.002, 86.60 W, 59, 54 %, 11 %
2025/08/15 09:55:50.007, 78.25 W, 59, 54 %, 11 %
2025/08/15 09:55:51.011, 77.71 W, 59, 55 %, 11 %
2025/08/15 09:55:52.016, 80.14 W, 59, 47 %, 9 %
2025/08/15 09:55:53.021, 77.01 W, 59, 53 %, 10 %
2025/08/15 09:55:54.026, 79.99 W, 59, 55 %, 11 %
2025/08/15 09:55:55.030, 77.71 W, 59, 54 %, 11 %
2025/08/15 09:55:56.034, 71.81 W, 59, 48 %, 10 %
2025/08/15 09:55:57.041, 68.85 W, 59, 50 %, 10 %
2025/08/15 09:55:58.044, 79.49 W, 59, 55 %, 11 %
2025/08/15 09:55:59.048, 81.17 W, 59, 57 %, 11 %
2025/08/15 09:56:00.053, 86.60 W, 59, 57 %, 11 %
2025/08/15 09:56:01.059, 85.54 W, 59, 56 %, 11 %
2025/08/15 09:56:02.064, 76.93 W, 59, 49 %, 10 %
2025/08/15 09:56:03.068, 68.34 W, 59, 34 %, 7 %
2025/08/15 09:56:04.072, 83.86 W, 58, 24 %, 5 %
2025/08/15 09:56:05.076, 86.09 W, 59, 54 %, 11 %
2025/08/15 09:56:06.080, 81.17 W, 59, 55 %, 11 %
2025/08/15 09:56:07.084, 79.44 W, 59, 56 %, 11 %
2025/08/15 09:56:08.090, 79.95 W, 59, 51 %, 10 %
2025/08/15 09:56:09.093, 68.39 W, 59, 47 %, 9 %
2025/08/15 09:56:10.097, 75.07 W, 59, 49 %, 10 %
2025/08/15 09:56:11.101, 75.18 W, 59, 55 %, 11 %
2025/08/15 09:56:12.109, 89.28 W, 59, 58 %, 11 %
2025/08/15 09:56:13.112, 87.55 W, 59, 57 %, 11 %
2025/08/15 09:56:14.116, 82.90 W, 59, 56 %, 11 %
2025/08/15 09:56:15.120, 81.96 W, 59, 57 %, 11 %
2025/08/15 09:56:16.125, 79.94 W, 59, 58 %, 11 %
2025/08/15 09:56:17.129, 79.10 W, 59, 57 %, 11 %
2025/08/15 09:56:18.134, 81.09 W, 59, 57 %, 11 %
2025/08/15 09:56:19.138, 74.50 W, 59, 43 %, 10 %
2025/08/15 09:56:20.142, 88.06 W, 59, 58 %, 11 %
2025/08/15 09:56:21.147, 80.68 W, 59, 57 %, 11 %
2025/08/15 09:56:22.150, 80.43 W, 59, 56 %, 11 %
2025/08/15 09:56:23.154, 71.49 W, 59, 56 %, 11 %
2025/08/15 09:56:24.158, 80.48 W, 59, 54 %, 11 %
2025/08/15 09:56:25.164, 86.58 W, 59, 56 %, 11 %
2025/08/15 09:56:26.168, 88.76 W, 59, 58 %, 11 %
2025/08/15 09:56:27.171, 73.96 W, 59, 57 %, 11 %
2025/08/15 09:56:28.175, 87.86 W, 59, 56 %, 11 %
2025/08/15 09:56:29.179, 86.32 W, 59, 57 %, 11 %
2025/08/15 09:56:30.183, 83.36 W, 59, 57 %, 11 %
2025/08/15 09:56:31.186, 78.87 W, 59, 57 %, 11 %
2025/08/15 09:56:32.191, 85.79 W, 59, 56 %, 11 %
2025/08/15 09:56:33.195, 80.20 W, 59, 56 %, 11 %
2025/08/15 09:56:34.200, 70.30 W, 59, 41 %, 10 %
2025/08/15 09:56:35.204, 82.37 W, 59, 57 %, 11 %
2025/08/15 09:56:36.209, 84.84 W, 59, 57 %, 11 %
2025/08/15 09:56:37.215, 73.80 W, 59, 54 %, 11 %
2025/08/15 09:56:38.219, 81.59 W, 59, 56 %, 11 %
2025/08/15 09:56:39.224, 88.56 W, 59, 57 %, 11 %
2025/08/15 09:56:40.227, 77.67 W, 59, 58 %, 11 %
2025/08/15 09:56:41.233, 78.91 W, 59, 56 %, 11 %
2025/08/15 09:56:42.237, 83.89 W, 59, 53 %, 10 %
2025/08/15 09:56:43.241, 71.04 W, 59, 55 %, 11 %
2025/08/15 09:56:44.245, 76.72 W, 59, 56 %, 11 %
2025/08/15 09:56:45.252, 78.45 W, 59, 54 %, 11 %
2025/08/15 09:56:46.256, 81.92 W, 59, 54 %, 11 %
2025/08/15 09:56:47.261, 78.15 W, 59, 54 %, 11 %
2025/08/15 09:56:48.264, 83.40 W, 59, 54 %, 11 %
2025/08/15 09:56:49.268, 69.63 W, 59, 38 %, 9 %
2025/08/15 09:56:50.273, 79.25 W, 59, 54 %, 11 %
2025/08/15 09:56:51.277, 78.22 W, 59, 54 %, 11 %
2025/08/15 09:56:52.282, 75.99 W, 59, 53 %, 10 %
2025/08/15 09:56:53.286, 77.44 W, 59, 54 %, 11 %
2025/08/15 09:56:54.290, 81.52 W, 59, 55 %, 11 %
2025/08/15 09:56:55.293, 75.77 W, 59, 57 %, 11 %
2025/08/15 09:56:56.301, 82.17 W, 59, 58 %, 11 %
2025/08/15 09:56:57.305, 82.91 W, 59, 58 %, 11 %
2025/08/15 09:56:58.309, 78.66 W, 59, 57 %, 11 %
2025/08/15 09:56:59.314, 79.65 W, 59, 50 %, 10 %
2025/08/15 09:57:00.320, 85.09 W, 59, 55 %, 11 %
2025/08/15 09:57:01.325, 87.32 W, 59, 58 %, 11 %
2025/08/15 09:57:02.329, 86.62 W, 59, 58 %, 11 %
2025/08/15 09:57:03.334, 80.11 W, 59, 58 %, 11 %
2025/08/15 09:57:04.338, 75.77 W, 59, 41 %, 10 %
2025/08/15 09:57:05.341, 86.60 W, 59, 58 %, 11 %
2025/08/15 09:57:06.345, 79.90 W, 59, 57 %, 11 %
2025/08/15 09:57:07.350, 78.89 W, 59, 57 %, 11 %
2025/08/15 09:57:08.357, 88.31 W, 59, 58 %, 11 %
2025/08/15 09:57:09.362, 88.06 W, 59, 59 %, 12 %
2025/08/15 09:57:10.366, 88.80 W, 59, 58 %, 11 %
2025/08/15 09:57:11.370, 85.62 W, 59, 54 %, 10 %
2025/08/15 09:57:12.375, 81.42 W, 59, 55 %, 11 %
2025/08/15 09:57:13.379, 85.63 W, 59, 54 %, 11 %
2025/08/15 09:57:14.383, 86.09 W, 59, 54 %, 11 %
2025/08/15 09:57:15.388, 88.19 W, 59, 56 %, 11 %
2025/08/15 09:57:16.392, 78.19 W, 59, 55 %, 11 %
2025/08/15 09:57:17.397, 80.64 W, 59, 55 %, 11 %
2025/08/15 09:57:18.401, 80.59 W, 59, 56 %, 11 %
2025/08/15 09:57:19.406, 72.02 W, 59, 40 %, 9 %
2025/08/15 09:57:20.410, 80.64 W, 59, 54 %, 11 %
2025/08/15 09:57:21.414, 81.13 W, 59, 57 %, 11 %
2025/08/15 09:57:22.419, 78.91 W, 59, 56 %, 11 %
2025/08/15 09:57:23.426, 75.03 W, 59, 57 %, 11 %
2025/08/15 09:57:24.430, 82.66 W, 59, 57 %, 11 %
2025/08/15 09:57:25.434, 84.58 W, 59, 51 %, 10 %
2025/08/15 09:57:26.439, 87.61 W, 59, 55 %, 11 %
2025/08/15 09:57:27.444, 82.12 W, 59, 55 %, 11 %
2025/08/15 09:57:28.447, 79.42 W, 59, 56 %, 11 %
2025/08/15 09:57:29.452, 82.91 W, 59, 58 %, 11 %
2025/08/15 09:57:30.456, 77.46 W, 59, 58 %, 11 %
2025/08/15 09:57:31.461, 71.52 W, 59, 53 %, 10 %
2025/08/15 09:57:32.465, 78.91 W, 59, 55 %, 11 %
2025/08/15 09:57:33.470, 89.03 W, 59, 58 %, 11 %
2025/08/15 09:57:34.474, 75.49 W, 59, 43 %, 10 %
2025/08/15 09:57:35.478, 88.79 W, 59, 58 %, 11 %
2025/08/15 09:57:36.483, 78.71 W, 59, 59 %, 11 %
2025/08/15 09:57:37.487, 79.40 W, 59, 59 %, 12 %
2025/08/15 09:57:38.493, 89.22 W, 59, 57 %, 11 %
2025/08/15 09:57:39.497, 75.98 W, 59, 58 %, 11 %
2025/08/15 09:57:40.502, 85.15 W, 59, 58 %, 11 %
2025/08/15 09:57:41.505, 79.90 W, 59, 58 %, 11 %
2025/08/15 09:57:42.511, 83.64 W, 59, 54 %, 11 %
2025/08/15 09:57:43.516, 87.55 W, 59, 52 %, 10 %
2025/08/15 09:57:44.520, 80.89 W, 59, 57 %, 11 %
2025/08/15 09:57:45.523, 86.33 W, 59, 57 %, 11 %
2025/08/15 09:57:46.530, 84.84 W, 59, 57 %, 11 %
2025/08/15 09:57:47.535, 86.37 W, 59, 55 %, 11 %
2025/08/15 09:57:48.538, 79.35 W, 59, 56 %, 11 %
2025/08/15 09:57:49.541, 70.33 W, 59, 41 %, 10 %
2025/08/15 09:57:50.549, 85.30 W, 59, 58 %, 11 %
2025/08/15 09:57:51.553, 79.94 W, 59, 56 %, 11 %
2025/08/15 09:57:52.557, 88.09 W, 59, 57 %, 11 %
2025/08/15 09:57:53.561, 77.58 W, 59, 57 %, 11 %
2025/08/15 09:57:54.567, 81.68 W, 59, 55 %, 11 %
2025/08/15 09:57:55.572, 86.34 W, 59, 57 %, 11 %
2025/08/15 09:57:56.576, 87.07 W, 59, 57 %, 11 %
2025/08/15 09:57:57.580, 89.79 W, 59, 59 %, 12 %
2025/08/15 09:57:58.585, 90.58 W, 59, 58 %, 11 %
2025/08/15 09:57:59.589, 81.63 W, 59, 58 %, 11 %
2025/08/15 09:58:00.593, 76.02 W, 59, 58 %, 11 %
2025/08/15 09:58:01.598, 73.73 W, 59, 58 %, 11 %
2025/08/15 09:58:02.601, 81.71 W, 59, 56 %, 11 %
2025/08/15 09:58:03.606, 80.36 W, 59, 57 %, 11 %
2025/08/15 09:58:04.610, 71.32 W, 59, 42 %, 10 %
2025/08/15 09:58:05.618, 87.59 W, 59, 57 %, 11 %
2025/08/15 09:58:06.623, 86.46 W, 59, 58 %, 11 %
2025/08/15 09:58:07.626, 91.03 W, 59, 58 %, 11 %
2025/08/15 09:58:08.629, 75.23 W, 59, 57 %, 11 %
2025/08/15 09:58:09.636, 78.74 W, 59, 58 %, 11 %
2025/08/15 09:58:10.640, 86.60 W, 59, 57 %, 11 %
2025/08/15 09:58:11.645, 87.01 W, 59, 58 %, 11 %
2025/08/15 09:58:12.648, 81.13 W, 59, 59 %, 12 %
2025/08/15 09:58:13.654, 87.28 W, 59, 58 %, 11 %
2025/08/15 09:58:14.659, 89.22 W, 59, 58 %, 11 %
2025/08/15 09:58:15.662, 76.27 W, 59, 58 %, 11 %
2025/08/15 09:58:16.666, 77.46 W, 59, 57 %, 11 %
2025/08/15 09:58:17.671, 78.20 W, 59, 57 %, 11 %
2025/08/15 09:58:18.678, 69.35 W, 59, 43 %, 10 %
2025/08/15 09:58:19.682, 80.89 W, 59, 57 %, 11 %
2025/08/15 09:58:20.687, 88.29 W, 59, 58 %, 11 %
2025/08/15 09:58:21.690, 77.76 W, 59, 55 %, 11 %
2025/08/15 09:58:22.694, 86.62 W, 59, 56 %, 11 %
2025/08/15 09:58:23.698, 79.94 W, 59, 54 %, 11 %
2025/08/15 09:58:24.702, 87.81 W, 59, 56 %, 11 %
2025/08/15 09:58:25.707, 76.72 W, 59, 56 %, 11 %
2025/08/15 09:58:26.711, 77.97 W, 59, 55 %, 11 %
2025/08/15 09:58:27.715, 74.99 W, 59, 56 %, 11 %
2025/08/15 09:58:28.722, 81.42 W, 59, 56 %, 11 %
2025/08/15 09:58:29.726, 78.75 W, 59, 56 %, 11 %
2025/08/15 09:58:30.731, 90.07 W, 59, 58 %, 11 %
2025/08/15 09:58:31.735, 89.59 W, 59, 57 %, 11 %
2025/08/15 09:58:32.740, 77.42 W, 59, 59 %, 11 %
2025/08/15 09:58:33.745, 72.31 W, 59, 41 %, 10 %
2025/08/15 09:58:34.748, 87.52 W, 59, 55 %, 11 %
2025/08/15 09:58:35.752, 78.94 W, 59, 57 %, 11 %
2025/08/15 09:58:36.758, 80.39 W, 59, 58 %, 11 %
2025/08/15 09:58:37.763, 83.41 W, 59, 58 %, 11 %
2025/08/15 09:58:38.767, 87.52 W, 59, 58 %, 11 %
2025/08/15 09:58:39.771, 89.54 W, 59, 59 %, 12 %
2025/08/15 09:58:40.776, 86.37 W, 59, 58 %, 11 %
2025/08/15 09:58:41.779, 72.03 W, 59, 54 %, 11 %
2025/08/15 09:58:42.783, 82.85 W, 59, 58 %, 11 %
2025/08/15 09:58:43.789, 88.24 W, 59, 58 %, 11 %
2025/08/15 09:58:44.793, 88.34 W, 59, 59 %, 12 %
2025/08/15 09:58:45.797, 76.68 W, 59, 59 %, 12 %
2025/08/15 09:58:46.802, 81.17 W, 59, 59 %, 12 %
2025/08/15 09:58:47.807, 87.36 W, 59, 58 %, 11 %
2025/08/15 09:58:48.811, 69.87 W, 59, 44 %, 10 %
2025/08/15 09:58:49.815, 85.13 W, 59, 59 %, 12 %
2025/08/15 09:58:50.819, 85.57 W, 59, 59 %, 12 %
2025/08/15 09:58:51.827, 80.67 W, 59, 59 %, 11 %
2025/08/15 09:58:52.831, 87.28 W, 59, 59 %, 11 %
2025/08/15 09:58:53.835, 78.45 W, 59, 58 %, 11 %
2025/08/15 09:58:54.840, 83.65 W, 59, 59 %, 12 %
2025/08/15 09:58:55.845, 84.90 W, 59, 60 %, 12 %
2025/08/15 09:58:56.849, 81.22 W, 59, 59 %, 12 %
2025/08/15 09:58:57.854, 90.32 W, 59, 60 %, 12 %
2025/08/15 09:58:58.858, 76.56 W, 59, 58 %, 11 %
2025/08/15 09:58:59.863, 78.99 W, 59, 58 %, 11 %
2025/08/15 09:59:00.867, 87.66 W, 59, 59 %, 12 %
2025/08/15 09:59:01.872, 80.20 W, 59, 54 %, 10 %
2025/08/15 09:59:02.876, 68.64 W, 59, 40 %, 9 %
2025/08/15 09:59:03.881, 86.58 W, 59, 56 %, 11 %
2025/08/15 09:59:04.884, 81.37 W, 59, 56 %, 11 %
2025/08/15 09:59:05.888, 86.65 W, 59, 54 %, 11 %
2025/08/15 09:59:06.892, 74.47 W, 59, 51 %, 10 %
2025/08/15 09:59:07.896, 75.73 W, 59, 54 %, 11 %
2025/08/15 09:59:08.899, 78.15 W, 59, 54 %, 11 %
2025/08/15 09:59:09.904, 79.95 W, 59, 54 %, 11 %
2025/08/15 09:59:10.907, 84.16 W, 59, 55 %, 11 %
2025/08/15 09:59:11.912, 87.35 W, 59, 49 %, 10 %
2025/08/15 09:59:12.917, 76.76 W, 59, 56 %, 11 %
2025/08/15 09:59:13.921, 78.41 W, 59, 56 %, 11 %
2025/08/15 09:59:14.926, 84.56 W, 59, 55 %, 11 %
2025/08/15 09:59:15.931, 80.69 W, 59, 55 %, 11 %
2025/08/15 09:59:16.935, 77.01 W, 59, 55 %, 11 %
2025/08/15 09:59:17.939, 77.14 W, 59, 56 %, 11 %
2025/08/15 09:59:18.944, 69.59 W, 59, 40 %, 9 %
2025/08/15 09:59:19.949, 85.09 W, 59, 56 %, 11 %
2025/08/15 09:59:20.954, 85.43 W, 59, 55 %, 11 %
2025/08/15 09:59:21.957, 76.48 W, 59, 46 %, 9 %
2025/08/15 09:59:22.961, 83.90 W, 59, 54 %, 10 %
2025/08/15 09:59:23.969, 88.36 W, 59, 55 %, 11 %
2025/08/15 09:59:24.972, 83.64 W, 59, 56 %, 11 %
2025/08/15 09:59:25.975, 73.30 W, 59, 55 %, 11 %
2025/08/15 09:59:26.980, 75.20 W, 59, 55 %, 11 %
2025/08/15 09:59:27.983, 82.95 W, 59, 55 %, 11 %
2025/08/15 09:59:28.987, 82.95 W, 59, 56 %, 11 %
2025/08/15 09:59:29.992, 77.96 W, 59, 55 %, 11 %
2025/08/15 09:59:30.997, 73.76 W, 59, 52 %, 10 %
2025/08/15 09:59:32.001, 77.51 W, 59, 47 %, 9 %
2025/08/15 09:59:33.005, 81.63 W, 59, 53 %, 10 %
2025/08/15 09:59:34.009, 71.56 W, 59, 34 %, 8 %
2025/08/15 09:59:35.016, 71.29 W, 59, 36 %, 7 %
2025/08/15 09:59:36.020, 82.87 W, 59, 55 %, 11 %
2025/08/15 09:59:37.025, 85.88 W, 59, 54 %, 11 %
2025/08/15 09:59:38.029, 66.65 W, 59, 42 %, 8 %
2025/08/15 09:59:39.035, 76.43 W, 59, 45 %, 9 %
2025/08/15 09:59:40.038, 85.34 W, 59, 53 %, 10 %
2025/08/15 09:59:41.043, 72.03 W, 59, 50 %, 10 %
2025/08/15 09:59:42.047, 86.40 W, 59, 53 %, 10 %
2025/08/15 09:59:43.054, 83.95 W, 59, 56 %, 11 %
2025/08/15 09:59:44.058, 84.88 W, 59, 57 %, 11 %
2025/08/15 09:59:45.063, 85.43 W, 59, 58 %, 11 %
2025/08/15 09:59:46.066, 85.88 W, 59, 54 %, 10 %
2025/08/15 09:59:47.071, 77.26 W, 59, 56 %, 11 %
2025/08/15 09:59:48.075, 86.21 W, 59, 54 %, 11 %
2025/08/15 09:59:49.078, 88.56 W, 59, 54 %, 11 %
2025/08/15 09:59:50.084, 74.04 W, 59, 39 %, 9 %
2025/08/15 09:59:51.087, 72.56 W, 59, 55 %, 11 %
2025/08/15 09:59:52.092, 75.79 W, 59, 54 %, 11 %
2025/08/15 09:59:53.096, 79.93 W, 59, 56 %, 11 %
2025/08/15 09:59:54.103, 85.59 W, 59, 56 %, 11 %
2025/08/15 09:59:55.106, 79.73 W, 59, 55 %, 11 %
2025/08/15 09:59:56.110, 72.81 W, 59, 55 %, 11 %
2025/08/15 09:59:57.114, 79.48 W, 59, 57 %, 11 %
2025/08/15 09:59:58.118, 87.82 W, 59, 56 %, 11 %
2025/08/15 09:59:59.123, 77.18 W, 59, 56 %, 11 %
2025/08/15 10:00:00.127, 75.49 W, 59, 56 %, 11 %
2025/08/15 10:00:01.132, 89.05 W, 59, 54 %, 11 %
2025/08/15 10:00:02.135, 79.15 W, 59, 55 %, 11 %
2025/08/15 10:00:03.140, 90.33 W, 59, 56 %, 11 %
2025/08/15 10:00:04.144, 77.00 W, 59, 55 %, 11 %
2025/08/15 10:00:05.149, 86.08 W, 59, 55 %, 11 %
2025/08/15 10:00:06.153, 43.66 W, 59, 41 %, 10 %
2025/08/15 10:00:07.159, 80.39 W, 59, 56 %, 11 %
2025/08/15 10:00:08.163, 83.81 W, 59, 54 %, 10 %
2025/08/15 10:00:09.167, 74.26 W, 59, 54 %, 11 %
2025/08/15 10:00:10.171, 76.55 W, 59, 53 %, 10 %
2025/08/15 10:00:11.174, 78.40 W, 59, 54 %, 11 %
2025/08/15 10:00:12.179, 87.83 W, 59, 56 %, 11 %
2025/08/15 10:00:13.183, 79.95 W, 59, 56 %, 11 %
2025/08/15 10:00:14.189, 86.87 W, 59, 56 %, 11 %
2025/08/15 10:00:15.192, 73.81 W, 59, 56 %, 11 %
2025/08/15 10:00:16.195, 82.86 W, 59, 55 %, 11 %
2025/08/15 10:00:17.200, 81.59 W, 59, 55 %, 11 %
2025/08/15 10:00:18.204, 80.13 W, 59, 55 %, 11 %
2025/08/15 10:00:19.208, 84.14 W, 59, 56 %, 11 %
2025/08/15 10:00:20.213, 87.06 W, 59, 56 %, 11 %
2025/08/15 10:00:21.217, 72.06 W, 59, 39 %, 9 %
2025/08/15 10:00:22.222, 78.49 W, 59, 56 %, 11 %
2025/08/15 10:00:23.225, 77.21 W, 59, 57 %, 11 %
2025/08/15 10:00:24.229, 80.24 W, 59, 55 %, 11 %
2025/08/15 10:00:25.233, 79.64 W, 59, 54 %, 11 %
2025/08/15 10:00:26.237, 85.62 W, 59, 56 %, 11 %
2025/08/15 10:00:27.244, 85.57 W, 59, 55 %, 11 %
2025/08/15 10:00:28.248, 79.72 W, 59, 55 %, 11 %
2025/08/15 10:00:29.252, 79.17 W, 59, 56 %, 11 %
2025/08/15 10:00:30.257, 72.52 W, 59, 56 %, 11 %
2025/08/15 10:00:31.261, 82.58 W, 59, 56 %, 11 %
2025/08/15 10:00:32.269, 80.12 W, 59, 55 %, 11 %
2025/08/15 10:00:33.273, 87.11 W, 59, 54 %, 11 %
2025/08/15 10:00:34.277, 84.10 W, 59, 55 %, 11 %
2025/08/15 10:00:35.280, 75.73 W, 59, 55 %, 11 %
2025/08/15 10:00:36.284, 72.56 W, 59, 40 %, 9 %
2025/08/15 10:00:37.287, 75.81 W, 59, 54 %, 11 %
2025/08/15 10:00:38.293, 88.39 W, 59, 55 %, 11 %
2025/08/15 10:00:39.298, 80.68 W, 59, 56 %, 11 %
2025/08/15 10:00:40.302, 79.65 W, 59, 56 %, 11 %
2025/08/15 10:00:41.307, 83.59 W, 59, 54 %, 11 %
2025/08/15 10:00:42.312, 81.17 W, 59, 48 %, 9 %
2025/08/15 10:00:43.315, 68.13 W, 59, 44 %, 9 %
2025/08/15 10:00:44.320, 74.50 W, 59, 51 %, 10 %
2025/08/15 10:00:45.325, 82.40 W, 59, 49 %, 10 %
2025/08/15 10:00:46.331, 80.14 W, 59, 51 %, 10 %
2025/08/15 10:00:47.336, 83.15 W, 59, 51 %, 10 %
2025/08/15 10:00:48.340, 79.90 W, 59, 52 %, 10 %
2025/08/15 10:00:49.344, 71.78 W, 59, 52 %, 10 %
2025/08/15 10:00:50.350, 81.37 W, 59, 50 %, 10 %
2025/08/15 10:00:51.353, 82.44 W, 59, 51 %, 10 %
2025/08/15 10:00:52.358, 69.58 W, 59, 44 %, 8 %
2025/08/15 10:00:53.362, 74.79 W, 59, 27 %, 6 %
2025/08/15 10:00:54.366, 84.44 W, 59, 56 %, 11 %
2025/08/15 10:00:55.370, 79.29 W, 59, 55 %, 11 %
2025/08/15 10:00:56.374, 72.77 W, 59, 54 %, 11 %
2025/08/15 10:00:57.379, 78.20 W, 59, 55 %, 11 %
2025/08/15 10:00:58.382, 87.67 W, 59, 55 %, 11 %
2025/08/15 10:00:59.387, 75.26 W, 59, 55 %, 11 %
2025/08/15 10:01:00.391, 82.62 W, 59, 54 %, 11 %
2025/08/15 10:01:01.398, 83.11 W, 59, 55 %, 11 %
2025/08/15 10:01:02.402, 74.99 W, 59, 54 %, 11 %
2025/08/15 10:01:03.407, 85.55 W, 59, 55 %, 11 %
2025/08/15 10:01:04.411, 77.72 W, 59, 55 %, 11 %
2025/08/15 10:01:05.417, 83.90 W, 59, 55 %, 11 %
2025/08/15 10:01:06.421, 81.13 W, 59, 56 %, 11 %
2025/08/15 10:01:07.425, 81.68 W, 59, 56 %, 11 %
2025/08/15 10:01:08.429, 67.11 W, 59, 41 %, 10 %
2025/08/15 10:01:09.436, 81.43 W, 59, 55 %, 11 %
2025/08/15 10:01:10.440, 77.39 W, 59, 56 %, 11 %
2025/08/15 10:01:11.444, 81.46 W, 59, 55 %, 11 %
2025/08/15 10:01:12.447, 76.22 W, 59, 55 %, 11 %
2025/08/15 10:01:13.453, 70.82 W, 59, 55 %, 11 %
2025/08/15 10:01:14.457, 86.75 W, 59, 53 %, 10 %
2025/08/15 10:01:15.461, 79.44 W, 59, 54 %, 11 %
2025/08/15 10:01:16.465, 80.43 W, 59, 56 %, 11 %
2025/08/15 10:01:17.470, 87.36 W, 59, 55 %, 11 %
2025/08/15 10:01:18.474, 76.47 W, 59, 54 %, 11 %
2025/08/15 10:01:19.478, 83.15 W, 59, 56 %, 11 %
2025/08/15 10:01:20.483, 84.10 W, 59, 56 %, 11 %
2025/08/15 10:01:21.487, 81.92 W, 59, 55 %, 11 %
2025/08/15 10:01:22.492, 79.65 W, 59, 56 %, 11 %
2025/08/15 10:01:23.496, 68.35 W, 59, 40 %, 9 %
2025/08/15 10:01:24.503, 78.01 W, 59, 55 %, 11 %
2025/08/15 10:01:25.508, 89.28 W, 59, 55 %, 11 %
2025/08/15 10:01:26.512, 71.56 W, 59, 55 %, 11 %
2025/08/15 10:01:27.517, 78.25 W, 59, 55 %, 11 %
2025/08/15 10:01:28.522, 80.39 W, 59, 56 %, 11 %
2025/08/15 10:01:29.526, 85.37 W, 59, 55 %, 11 %
2025/08/15 10:01:30.531, 74.29 W, 59, 55 %, 11 %
2025/08/15 10:01:31.535, 74.91 W, 59, 55 %, 11 %
2025/08/15 10:01:32.539, 80.72 W, 59, 56 %, 11 %
2025/08/15 10:01:33.544, 76.48 W, 59, 56 %, 11 %
2025/08/15 10:01:34.548, 83.86 W, 59, 55 %, 11 %
2025/08/15 10:01:35.552, 79.49 W, 59, 56 %, 11 %
2025/08/15 10:01:36.559, 85.13 W, 59, 55 %, 11 %
2025/08/15 10:01:37.563, 83.62 W, 59, 54 %, 11 %
2025/08/15 10:01:38.566, 43.64 W, 59, 52 %, 10 %
2025/08/15 10:01:39.571, 76.68 W, 58, 28 %, 6 %
2025/08/15 10:01:40.574, 87.86 W, 59, 56 %, 11 %
2025/08/15 10:01:41.578, 82.91 W, 59, 56 %, 11 %
2025/08/15 10:01:42.582, 81.43 W, 59, 55 %, 11 %
2025/08/15 10:01:43.589, 79.15 W, 59, 54 %, 11 %
2025/08/15 10:01:44.594, 79.24 W, 59, 55 %, 11 %
2025/08/15 10:01:45.598, 85.38 W, 59, 49 %, 10 %
2025/08/15 10:01:46.603, 71.29 W, 59, 51 %, 10 %
2025/08/15 10:01:47.609, 72.02 W, 59, 57 %, 11 %
2025/08/15 10:01:48.613, 86.32 W, 59, 54 %, 11 %
2025/08/15 10:01:49.617, 80.43 W, 59, 54 %, 11 %
2025/08/15 10:01:50.622, 84.35 W, 59, 55 %, 11 %
2025/08/15 10:01:51.626, 75.00 W, 59, 55 %, 11 %
2025/08/15 10:01:52.630, 71.07 W, 59, 50 %, 10 %
2025/08/15 10:01:53.635, 77.96 W, 59, 49 %, 10 %
2025/08/15 10:01:54.638, 67.85 W, 59, 38 %, 9 %
2025/08/15 10:01:55.646, 84.58 W, 59, 50 %, 10 %
2025/08/15 10:01:56.649, 78.75 W, 59, 52 %, 10 %
2025/08/15 10:01:57.654, 80.47 W, 59, 51 %, 10 %
2025/08/15 10:01:58.658, 80.55 W, 59, 53 %, 10 %
2025/08/15 10:01:59.665, 84.39 W, 59, 52 %, 10 %
2025/08/15 10:02:00.669, 76.68 W, 59, 53 %, 10 %
2025/08/15 10:02:01.672, 75.77 W, 59, 51 %, 10 %
2025/08/15 10:02:02.676, 68.84 W, 59, 50 %, 10 %
2025/08/15 10:02:03.679, 81.10 W, 59, 56 %, 11 %
2025/08/15 10:02:04.683, 81.93 W, 59, 56 %, 11 %
2025/08/15 10:02:05.688, 82.10 W, 59, 55 %, 11 %
2025/08/15 10:02:06.694, 84.19 W, 59, 56 %, 11 %
2025/08/15 10:02:07.699, 86.37 W, 59, 54 %, 11 %
2025/08/15 10:02:08.703, 84.10 W, 59, 55 %, 11 %
2025/08/15 10:02:09.708, 87.55 W, 59, 54 %, 11 %
2025/08/15 10:02:10.714, 71.32 W, 58, 38 %, 9 %
2025/08/15 10:02:11.718, 76.24 W, 59, 54 %, 11 %
2025/08/15 10:02:12.722, 80.59 W, 59, 56 %, 11 %
2025/08/15 10:02:13.727, 86.37 W, 59, 55 %, 11 %
2025/08/15 10:02:14.733, 76.72 W, 59, 55 %, 11 %
2025/08/15 10:02:15.737, 83.43 W, 59, 55 %, 11 %
2025/08/15 10:02:16.742, 82.88 W, 59, 55 %, 11 %
2025/08/15 10:02:17.746, 77.46 W, 59, 47 %, 9 %
2025/08/15 10:02:18.751, 85.43 W, 59, 52 %, 10 %
2025/08/15 10:02:19.755, 87.99 W, 59, 57 %, 11 %
2025/08/15 10:02:20.760, 81.92 W, 59, 55 %, 11 %
2025/08/15 10:02:21.764, 72.80 W, 59, 55 %, 11 %
2025/08/15 10:02:22.769, 81.68 W, 59, 55 %, 11 %
2025/08/15 10:02:23.773, 77.01 W, 59, 55 %, 11 %
2025/08/15 10:02:24.781, 86.36 W, 59, 55 %, 11 %
2025/08/15 10:02:25.784, 84.88 W, 59, 54 %, 11 %
2025/08/15 10:02:26.789, 68.79 W, 59, 41 %, 9 %
2025/08/15 10:02:27.792, 85.59 W, 59, 55 %, 11 %
2025/08/15 10:02:28.797, 77.66 W, 59, 54 %, 11 %
2025/08/15 10:02:29.801, 80.43 W, 59, 55 %, 11 %
2025/08/15 10:02:30.804, 75.99 W, 59, 55 %, 11 %
2025/08/15 10:02:31.809, 75.28 W, 59, 54 %, 11 %
2025/08/15 10:02:32.813, 84.65 W, 59, 56 %, 11 %
2025/08/15 10:02:33.819, 79.17 W, 59, 54 %, 11 %
2025/08/15 10:02:34.824, 81.88 W, 59, 55 %, 11 %
2025/08/15 10:02:35.828, 81.92 W, 59, 55 %, 11 %
2025/08/15 10:02:36.833, 81.34 W, 59, 57 %, 11 %
2025/08/15 10:02:37.838, 87.32 W, 59, 55 %, 11 %
2025/08/15 10:02:38.841, 84.60 W, 59, 55 %, 11 %
2025/08/15 10:02:39.846, 79.39 W, 59, 55 %, 11 %
2025/08/15 10:02:40.850, 80.93 W, 59, 54 %, 11 %
2025/08/15 10:02:41.855, 71.07 W, 58, 36 %, 8 %
2025/08/15 10:02:42.859, 78.22 W, 58, 54 %, 11 %
2025/08/15 10:02:43.864, 73.30 W, 59, 56 %, 11 %
2025/08/15 10:02:44.869, 84.10 W, 59, 55 %, 11 %
2025/08/15 10:02:45.872, 80.63 W, 59, 55 %, 11 %
2025/08/15 10:02:46.876, 88.29 W, 59, 55 %, 11 %
2025/08/15 10:02:47.880, 73.71 W, 59, 56 %, 11 %
2025/08/15 10:02:48.887, 79.43 W, 59, 56 %, 11 %
2025/08/15 10:02:49.892, 71.32 W, 59, 50 %, 10 %
2025/08/15 10:02:50.897, 82.14 W, 59, 54 %, 11 %
2025/08/15 10:02:51.900, 80.68 W, 59, 54 %, 11 %
2025/08/15 10:02:52.906, 86.84 W, 59, 56 %, 11 %
2025/08/15 10:02:53.910, 81.90 W, 59, 55 %, 11 %
2025/08/15 10:02:54.914, 77.50 W, 59, 54 %, 11 %
2025/08/15 10:02:55.919, 85.34 W, 59, 55 %, 11 %
2025/08/15 10:02:56.925, 65.10 W, 59, 55 %, 11 %
2025/08/15 10:02:57.930, 80.18 W, 58, 40 %, 9 %
2025/08/15 10:02:58.934, 87.87 W, 59, 55 %, 11 %
2025/08/15 10:02:59.938, 86.75 W, 59, 54 %, 11 %
2025/08/15 10:03:00.944, 87.82 W, 59, 54 %, 11 %
2025/08/15 10:03:01.948, 84.80 W, 59, 50 %, 10 %
2025/08/15 10:03:02.952, 83.61 W, 59, 53 %, 10 %
2025/08/15 10:03:03.957, 83.40 W, 59, 54 %, 11 %
2025/08/15 10:03:04.961, 77.26 W, 59, 52 %, 10 %
2025/08/15 10:03:05.965, 83.20 W, 59, 49 %, 10 %
2025/08/15 10:03:06.968, 75.20 W, 59, 49 %, 10 %
2025/08/15 10:03:07.971, 78.01 W, 59, 52 %, 10 %
2025/08/15 10:03:08.976, 81.65 W, 59, 52 %, 10 %
2025/08/15 10:03:09.979, 73.51 W, 59, 53 %, 10 %
2025/08/15 10:03:10.982, 82.90 W, 59, 52 %, 10 %
2025/08/15 10:03:11.987, 81.70 W, 59, 46 %, 9 %
2025/08/15 10:03:12.992, 70.54 W, 59, 51 %, 10 %
2025/08/15 10:03:13.997, 69.09 W, 58, 39 %, 9 %
2025/08/15 10:03:15.001, 83.81 W, 59, 55 %, 11 %
2025/08/15 10:03:16.005, 83.31 W, 59, 56 %, 11 %
2025/08/15 10:03:17.010, 71.07 W, 59, 55 %, 11 %
2025/08/15 10:03:18.015, 79.94 W, 59, 55 %, 11 %
2025/08/15 10:03:19.019, 79.98 W, 59, 56 %, 11 %
2025/08/15 10:03:20.024, 81.12 W, 59, 55 %, 11 %
2025/08/15 10:03:21.029, 80.85 W, 59, 53 %, 10 %
2025/08/15 10:03:22.034, 76.97 W, 58, 49 %, 10 %
2025/08/15 10:03:23.037, 72.10 W, 59, 55 %, 11 %
2025/08/15 10:03:24.042, 82.16 W, 59, 54 %, 11 %
2025/08/15 10:03:25.047, 76.72 W, 59, 56 %, 11 %
2025/08/15 10:03:26.052, 78.75 W, 59, 56 %, 11 %
2025/08/15 10:03:27.056, 75.98 W, 59, 56 %, 11 %
2025/08/15 10:03:28.060, 72.10 W, 59, 56 %, 11 %
2025/08/15 10:03:29.063, 72.52 W, 58, 39 %, 9 %
2025/08/15 10:03:30.068, 85.54 W, 58, 56 %, 11 %
2025/08/15 10:03:31.072, 80.97 W, 59, 55 %, 11 %
2025/08/15 10:03:32.078, 84.58 W, 59, 55 %, 11 %
2025/08/15 10:03:33.083, 79.19 W, 59, 55 %, 11 %
2025/08/15 10:03:34.087, 81.43 W, 59, 56 %, 11 %
2025/08/15 10:03:35.092, 78.74 W, 59, 55 %, 11 %
2025/08/15 10:03:36.097, 88.10 W, 59, 54 %, 11 %
2025/08/15 10:03:37.101, 86.28 W, 59, 56 %, 11 %
2025/08/15 10:03:38.105, 77.75 W, 59, 54 %, 11 %
2025/08/15 10:03:39.110, 88.05 W, 59, 54 %, 11 %
2025/08/15 10:03:40.116, 71.24 W, 59, 55 %, 11 %
2025/08/15 10:03:41.121, 84.35 W, 59, 54 %, 11 %
2025/08/15 10:03:42.125, 79.16 W, 59, 55 %, 11 %
2025/08/15 10:03:43.129, 85.79 W, 59, 54 %, 11 %
2025/08/15 10:03:44.135, 78.25 W, 59, 53 %, 10 %
2025/08/15 10:03:45.140, 70.08 W, 58, 40 %, 9 %
2025/08/15 10:03:46.144, 81.92 W, 59, 54 %, 11 %
2025/08/15 10:03:47.149, 86.41 W, 59, 55 %, 11 %
2025/08/15 10:03:48.153, 82.87 W, 59, 54 %, 11 %
2025/08/15 10:03:49.157, 74.24 W, 59, 56 %, 11 %
2025/08/15 10:03:50.161, 73.02 W, 59, 55 %, 11 %
2025/08/15 10:03:51.165, 80.68 W, 59, 55 %, 11 %
2025/08/15 10:03:52.169, 83.37 W, 58, 54 %, 11 %
2025/08/15 10:03:53.173, 78.96 W, 59, 49 %, 10 %
2025/08/15 10:03:54.178, 81.38 W, 59, 51 %, 10 %
2025/08/15 10:03:55.185, 76.92 W, 59, 56 %, 11 %
2025/08/15 10:03:56.188, 77.49 W, 59, 53 %, 10 %
2025/08/15 10:03:57.192, 86.90 W, 59, 53 %, 10 %
2025/08/15 10:03:58.196, 80.43 W, 59, 54 %, 11 %
2025/08/15 10:03:59.202, 78.00 W, 59, 54 %, 11 %
2025/08/15 10:04:00.207, 74.09 W, 58, 39 %, 9 %
2025/08/15 10:04:01.210, 79.70 W, 58, 54 %, 11 %
2025/08/15 10:04:02.215, 81.45 W, 59, 56 %, 11 %
2025/08/15 10:04:03.222, 72.07 W, 59, 54 %, 11 %
2025/08/15 10:04:04.227, 82.65 W, 59, 55 %, 11 %
2025/08/15 10:04:05.232, 77.99 W, 59, 56 %, 11 %
2025/08/15 10:04:06.236, 76.19 W, 59, 55 %, 11 %
2025/08/15 10:04:07.241, 86.62 W, 59, 56 %, 11 %
2025/08/15 10:04:08.246, 78.20 W, 59, 54 %, 11 %
2025/08/15 10:04:09.250, 75.53 W, 59, 56 %, 11 %
2025/08/15 10:04:10.255, 84.60 W, 59, 56 %, 11 %
2025/08/15 10:04:11.260, 88.98 W, 59, 55 %, 11 %
2025/08/15 10:04:12.263, 86.86 W, 59, 55 %, 11 %
2025/08/15 10:04:13.267, 78.00 W, 59, 55 %, 11 %
2025/08/15 10:04:14.272, 78.46 W, 59, 53 %, 10 %
2025/08/15 10:04:15.276, 81.66 W, 59, 53 %, 10 %
2025/08/15 10:04:16.281, 68.84 W, 58, 38 %, 9 %
2025/08/15 10:04:17.285, 85.38 W, 58, 54 %, 11 %
2025/08/15 10:04:18.290, 76.43 W, 59, 50 %, 10 %
2025/08/15 10:04:19.294, 80.43 W, 59, 53 %, 10 %
2025/08/15 10:04:20.299, 77.00 W, 58, 49 %, 10 %
2025/08/15 10:04:21.302, 86.29 W, 59, 50 %, 10 %
2025/08/15 10:04:22.308, 71.56 W, 59, 53 %, 10 %
2025/08/15 10:04:23.312, 74.99 W, 59, 52 %, 10 %
2025/08/15 10:04:24.316, 77.21 W, 58, 47 %, 9 %
2025/08/15 10:04:25.319, 84.10 W, 58, 48 %, 9 %
2025/08/15 10:04:26.323, 85.59 W, 59, 51 %, 10 %
2025/08/15 10:04:27.327, 73.70 W, 59, 55 %, 11 %
2025/08/15 10:04:28.331, 80.94 W, 59, 54 %, 11 %
2025/08/15 10:04:29.335, 83.43 W, 59, 55 %, 11 %
2025/08/15 10:04:30.340, 79.15 W, 59, 55 %, 11 %
2025/08/15 10:04:31.345, 86.82 W, 59, 56 %, 11 %
2025/08/15 10:04:32.350, 70.75 W, 58, 40 %, 9 %
2025/08/15 10:04:33.354, 84.84 W, 59, 55 %, 11 %
2025/08/15 10:04:34.359, 84.75 W, 59, 54 %, 11 %
2025/08/15 10:04:35.367, 72.10 W, 59, 56 %, 11 %
2025/08/15 10:04:36.370, 81.21 W, 59, 55 %, 11 %
2025/08/15 10:04:37.375, 84.60 W, 59, 56 %, 11 %
2025/08/15 10:04:38.379, 76.98 W, 59, 55 %, 11 %
2025/08/15 10:04:39.384, 78.00 W, 59, 54 %, 11 %
2025/08/15 10:04:40.388, 81.92 W, 59, 55 %, 11 %
2025/08/15 10:04:41.395, 75.23 W, 59, 54 %, 10 %
2025/08/15 10:04:42.399, 80.18 W, 59, 57 %, 11 %
2025/08/15 10:04:43.403, 76.68 W, 59, 55 %, 11 %
2025/08/15 10:04:44.406, 83.90 W, 59, 55 %, 11 %
2025/08/15 10:04:45.411, 75.28 W, 59, 55 %, 11 %
2025/08/15 10:04:46.416, 74.00 W, 59, 54 %, 11 %
2025/08/15 10:04:47.420, 70.57 W, 58, 35 %, 8 %
2025/08/15 10:04:48.424, 79.61 W, 58, 54 %, 11 %
2025/08/15 10:04:49.428, 85.43 W, 58, 55 %, 11 %
2025/08/15 10:04:50.432, 79.73 W, 59, 55 %, 11 %
2025/08/15 10:04:51.436, 87.86 W, 59, 56 %, 11 %
2025/08/15 10:04:52.441, 84.35 W, 59, 54 %, 11 %
2025/08/15 10:04:53.445, 79.41 W, 59, 56 %, 11 %
2025/08/15 10:04:54.450, 85.62 W, 59, 55 %, 11 %
2025/08/15 10:04:55.455, 87.30 W, 59, 55 %, 11 %
2025/08/15 10:04:56.459, 69.83 W, 59, 56 %, 11 %
2025/08/15 10:04:57.463, 68.79 W, 58, 51 %, 10 %
2025/08/15 10:04:58.467, 81.12 W, 59, 56 %, 11 %
2025/08/15 10:04:59.471, 79.44 W, 59, 54 %, 11 %
2025/08/15 10:05:00.476, 74.99 W, 59, 54 %, 11 %
2025/08/15 10:05:01.481, 83.11 W, 59, 54 %, 11 %
2025/08/15 10:05:02.485, 83.17 W, 59, 55 %, 11 %
2025/08/15 10:05:03.490, 72.81 W, 58, 39 %, 9 %
2025/08/15 10:05:04.493, 74.99 W, 58, 55 %, 11 %
2025/08/15 10:05:05.500, 77.71 W, 59, 55 %, 11 %
2025/08/15 10:05:06.503, 80.23 W, 59, 56 %, 11 %
2025/08/15 10:05:07.508, 85.88 W, 59, 55 %, 11 %
2025/08/15 10:05:08.512, 75.28 W, 59, 55 %, 11 %
2025/08/15 10:05:09.518, 80.90 W, 59, 54 %, 11 %
2025/08/15 10:05:10.523, 87.84 W, 59, 55 %, 11 %
2025/08/15 10:05:11.527, 79.10 W, 59, 54 %, 11 %
2025/08/15 10:05:12.530, 82.91 W, 59, 56 %, 11 %
2025/08/15 10:05:13.538, 83.17 W, 59, 54 %, 11 %
2025/08/15 10:05:14.542, 85.38 W, 59, 54 %, 11 %
2025/08/15 10:05:15.546, 82.34 W, 59, 55 %, 11 %
2025/08/15 10:05:16.551, 89.49 W, 59, 56 %, 11 %
2025/08/15 10:05:17.555, 71.32 W, 59, 55 %, 11 %
2025/08/15 10:05:18.559, 68.55 W, 58, 38 %, 9 %
2025/08/15 10:05:19.564, 81.45 W, 58, 55 %, 11 %
2025/08/15 10:05:20.568, 80.48 W, 59, 55 %, 11 %
2025/08/15 10:05:21.573, 78.70 W, 59, 54 %, 11 %
2025/08/15 10:05:22.576, 78.74 W, 59, 54 %, 11 %
2025/08/15 10:05:23.579, 81.67 W, 59, 54 %, 11 %
2025/08/15 10:05:24.586, 75.28 W, 59, 49 %, 10 %
2025/08/15 10:05:25.590, 74.46 W, 59, 49 %, 10 %
2025/08/15 10:05:26.593, 80.72 W, 59, 50 %, 10 %
2025/08/15 10:05:27.598, 77.02 W, 59, 50 %, 10 %
2025/08/15 10:05:28.603, 70.11 W, 58, 41 %, 8 %
2025/08/15 10:05:29.610, 73.27 W, 58, 43 %, 8 %
2025/08/15 10:05:30.614, 80.18 W, 58, 52 %, 10 %
2025/08/15 10:05:31.619, 77.46 W, 58, 53 %, 10 %
2025/08/15 10:05:32.625, 78.99 W, 58, 52 %, 10 %
2025/08/15 10:05:33.628, 72.81 W, 59, 51 %, 10 %
2025/08/15 10:05:34.633, 66.40 W, 58, 34 %, 8 %
2025/08/15 10:05:35.638, 75.99 W, 58, 33 %, 7 %
2025/08/15 10:05:36.643, 78.95 W, 58, 56 %, 11 %
2025/08/15 10:05:37.648, 87.32 W, 59, 56 %, 11 %
2025/08/15 10:05:38.652, 86.07 W, 59, 56 %, 11 %
2025/08/15 10:05:39.657, 84.39 W, 59, 56 %, 11 %
2025/08/15 10:05:40.661, 78.50 W, 59, 56 %, 11 %
2025/08/15 10:05:41.666, 79.94 W, 59, 52 %, 10 %
2025/08/15 10:05:42.670, 80.15 W, 59, 56 %, 11 %
2025/08/15 10:05:43.673, 81.71 W, 59, 56 %, 11 %
2025/08/15 10:05:44.678, 74.24 W, 59, 55 %, 11 %
2025/08/15 10:05:45.682, 79.00 W, 59, 55 %, 11 %
2025/08/15 10:05:46.686, 84.10 W, 59, 54 %, 11 %
2025/08/15 10:05:47.692, 86.41 W, 59, 55 %, 11 %
2025/08/15 10:05:48.696, 78.20 W, 59, 54 %, 11 %
2025/08/15 10:05:49.699, 88.36 W, 59, 56 %, 11 %
2025/08/15 10:05:50.703, 44.16 W, 58, 39 %, 9 %
2025/08/15 10:05:51.706, 77.47 W, 59, 53 %, 10 %
2025/08/15 10:05:52.711, 83.57 W, 59, 54 %, 11 %
2025/08/15 10:05:53.715, 83.66 W, 59, 55 %, 11 %
2025/08/15 10:05:54.720, 77.96 W, 59, 54 %, 11 %
2025/08/15 10:05:55.724, 80.13 W, 59, 54 %, 11 %
2025/08/15 10:05:56.729, 86.12 W, 59, 54 %, 11 %
2025/08/15 10:05:57.734, 77.46 W, 59, 54 %, 11 %
2025/08/15 10:05:58.737, 88.31 W, 59, 54 %, 11 %
2025/08/15 10:05:59.741, 76.27 W, 59, 54 %, 11 %
2025/08/15 10:06:00.748, 72.28 W, 58, 46 %, 9 %
2025/08/15 10:06:01.751, 74.99 W, 59, 50 %, 10 %
2025/08/15 10:06:02.756, 83.89 W, 59, 55 %, 11 %
2025/08/15 10:06:03.760, 84.14 W, 59, 56 %, 11 %
2025/08/15 10:06:04.765, 80.78 W, 59, 55 %, 11 %
2025/08/15 10:06:05.773, 71.85 W, 58, 39 %, 9 %
2025/08/15 10:06:06.777, 79.20 W, 58, 57 %, 11 %
2025/08/15 10:06:07.781, 77.68 W, 59, 56 %, 11 %
2025/08/15 10:06:08.785, 70.79 W, 59, 55 %, 11 %
2025/08/15 10:06:09.789, 74.78 W, 59, 55 %, 11 %
2025/08/15 10:06:10.796, 81.88 W, 59, 54 %, 11 %
2025/08/15 10:06:11.801, 69.78 W, 58, 54 %, 11 %
2025/08/15 10:06:12.804, 78.88 W, 59, 57 %, 11 %
2025/08/15 10:06:13.808, 80.55 W, 59, 55 %, 11 %
2025/08/15 10:06:14.816, 80.65 W, 59, 55 %, 11 %
2025/08/15 10:06:15.821, 84.64 W, 59, 56 %, 11 %
2025/08/15 10:06:16.824, 73.55 W, 59, 54 %, 11 %
2025/08/15 10:06:17.828, 77.47 W, 59, 54 %, 11 %
2025/08/15 10:06:18.834, 79.92 W, 59, 56 %, 11 %
2025/08/15 10:06:19.839, 80.97 W, 59, 54 %, 11 %
2025/08/15 10:06:20.843, 71.07 W, 58, 32 %, 6 %
2025/08/15 10:06:21.847, 84.73 W, 58, 24 %, 5 %
2025/08/15 10:06:22.853, 78.99 W, 59, 56 %, 11 %
2025/08/15 10:06:23.857, 83.70 W, 59, 55 %, 11 %
2025/08/15 10:06:24.862, 88.60 W, 59, 55 %, 11 %
2025/08/15 10:06:25.866, 80.08 W, 59, 54 %, 11 %
2025/08/15 10:06:26.870, 77.26 W, 59, 55 %, 11 %
2025/08/15 10:06:27.878, 83.17 W, 59, 55 %, 11 %
2025/08/15 10:06:28.882, 83.37 W, 59, 53 %, 11 %
2025/08/15 10:06:29.887, 74.74 W, 59, 53 %, 11 %
2025/08/15 10:06:30.891, 81.67 W, 59, 54 %, 11 %
2025/08/15 10:06:31.894, 77.23 W, 59, 52 %, 10 %
2025/08/15 10:06:32.899, 81.61 W, 59, 51 %, 10 %
2025/08/15 10:06:33.903, 76.27 W, 59, 52 %, 10 %
2025/08/15 10:06:34.908, 82.15 W, 59, 54 %, 11 %
2025/08/15 10:06:35.912, 76.97 W, 59, 50 %, 10 %
2025/08/15 10:06:36.917, 69.41 W, 58, 37 %, 9 %
2025/08/15 10:06:37.921, 45.65 W, 58, 24 %, 2 %
2025/08/15 10:06:38.924, 45.15 W, 57, 23 %, 2 %
2025/08/15 10:06:39.929, 39.19 W, 57, 24 %, 2 %
2025/08/15 10:06:40.933, 37.95 W, 57, 27 %, 2 %
2025/08/15 10:06:41.941, 38.20 W, 57, 24 %, 2 %
2025/08/15 10:06:42.945, 38.70 W, 56, 27 %, 2 %
2025/08/15 10:06:43.949, 38.72 W, 56, 26 %, 2 %
2025/08/15 10:06:44.953, 38.20 W, 56, 28 %, 2 %
2025/08/15 10:06:45.958, 38.45 W, 56, 27 %, 2 %
2025/08/15 10:06:46.962, 38.20 W, 56, 25 %, 2 %
2025/08/15 10:06:47.966, 38.45 W, 56, 28 %, 2 %
2025/08/15 10:06:48.970, 38.92 W, 55, 29 %, 2 %
2025/08/15 10:06:49.976, 38.45 W, 55, 29 %, 2 %
2025/08/15 10:06:50.980, 38.45 W, 55, 28 %, 2 %
2025/08/15 10:06:51.985, 38.70 W, 55, 26 %, 2 %
2025/08/15 10:06:52.988, 37.96 W, 55, 29 %, 2 %
2025/08/15 10:06:53.993, 38.94 W, 55, 29 %, 2 %
2025/08/15 10:06:54.997, 38.45 W, 55, 29 %, 2 %
2025/08/15 10:06:56.001, 38.42 W, 55, 29 %, 2 %
2025/08/15 10:06:57.005, 38.45 W, 55, 30 %, 2 %
2025/08/15 10:06:58.009, 39.19 W, 55, 0 %, 0 %
2025/08/15 10:06:59.012, 38.94 W, 54, 37 %, 3 %
2025/08/15 10:07:00.017, 38.70 W, 54, 37 %, 3 %
2025/08/15 10:07:01.024, 39.94 W, 54, 38 %, 3 %
2025/08/15 10:07:02.028, 39.44 W, 54, 37 %, 3 %
2025/08/15 10:07:03.033, 39.42 W, 54, 37 %, 3 %
2025/08/15 10:07:04.037, 39.44 W, 54, 33 %, 2 %
2025/08/15 10:07:05.042, 38.47 W, 54, 32 %, 2 %
2025/08/15 10:07:06.045, 39.44 W, 54, 35 %, 3 %
2025/08/15 10:07:07.049, 38.45 W, 54, 37 %, 3 %
2025/08/15 10:07:08.053, 38.68 W, 54, 35 %, 3 %
2025/08/15 10:07:09.058, 39.19 W, 53, 38 %, 3 %
2025/08/15 10:07:10.062, 39.44 W, 53, 34 %, 3 %
2025/08/15 10:07:11.065, 35.23 W, 53, 0 %, 0 %
2025/08/15 10:07:12.069, 34.98 W, 53, 0 %, 0 %
2025/08/15 10:07:13.075, 35.24 W, 53, 0 %, 0 %
